10000
1987.67
-5630.97
-7485.27
-8270.21
4563.43
-9676.5
3179.72
-4560.99
-7543.87
-8820.76
2201.3
8025.45
2508.32
7323.53
5692.62
9320.05
699.789
-5623.65
-3902.4
-5927
6539.2
-7467.57
6674.7
-9000.82
-1572.01
2966.09
-5232.4
-4547.56
-1875.36
6935.94
7001.25
6365.25
2435.68
3210.85
9498.89
8065.13
259.712
9439.07
6282.23
7604.91
3109.53
3086.34
-1055.64
8217.11
7230.75
7573.78
-9250.47
9536.12
-4548.78
-768.151
8263.5
-4805.14
-3119.3
701.01
3650.93
-1565.29
-7412.64
-3596
-9237.04
6344.49
5376.45
-4287.55
-1861.93
-6639.91
1790.52
-567.95
-7961.97
4648.27
4471.27
-4764.24
-7343.06
-11.2919
2988.68
-2333.14
-3389.69
-1196.02
1274.76
-1664.17
8842.13
-3064.36
9786.98
1938.23
-2928.86
-4195.38
514.847
-6281.62
-8098.7
-5413.07
-7022.61
-5995.97
5721.3
6013.06
9305.4
5433.82
-6486.1
6428.72
6561.78
8507.64
8712.12
741.295
4409.62
-8920.25
-2787.26
-7130.04
-3741.87
7427.29
2684.71
2330.7
2009.03
-7495.04
6283.46
-2422.25
-9473.86
7031.77
-6088.14
6728.42
9966.43
-989.105
-5854.37
-3701.59
-5925.17
-2668.23
-60.1215
-1435.29
2592.55
3056.43
-2745.14
-1809.44
3882.26
-5965.45
-6275.52
-1267.43
-2088.99
8460.04
-9518.42
-347.606
7709.28
2996
-9722.89
4465.77
-2574.24
-8898.28
5011.44
-9353.62
5117.65
-2826.32
-4196.6
1915.65
8384.35
-7868.59
8728.6
-6466.57
-9017.91
6080.81
-658.895
-8768.88
8543.66
3664.36
9111.91
-5605.33
1510.97
-2262.34
6904.81
4134.95
-6561.78
6989.65
-1379.13
6863.92
2756.13
-6871.24
-1875.97
-5997.19
6144.29
3272.5
2590.72
8453.32
1630.6
-6849.88
5386.21
-1557.97
9542.83
-3244.42
9619.74
9384.14
-571.612
-1932.74
-4526.81
-5631.58
1089.21
-9535.51
4460.28
-6088.14
7833.19
-534.379
-6293.22
5585.8
-9922.48
-5591.3
3411.66
-5843.38
7438.89
4705.04
-9414.66
2861.11
-2593.77
6286.51
-7791.68
-3569.14
8762.78
-6127.81
-9072.85
-3492.23
-2159.18
4686.12
6412.85
65.0044
-4236.27
9234.6
5510.12
1458.48
4785.61
-5209.2
-5698.72
8740.2
-8144.47
-2808.62
5209.81
-5153.05
-2458.27
6581.93
2262.34
-5688.96
8422.19
2729.88
-2353.89
6085.09
-8919.03
5539.41
2679.83
-6860.87
-4165.47
-3623.46
6318.86
-562.456
8304.39
-4151.43
4328.44
-5082.25
-3032.01
-6350.6
-7752.62
9108.25
-5187.84
-3899.35
5261.7
4000.06
3213.29
7014.07
-1882.08
6808.37
-3832.82
7497.48
8204.9
-6771.14
-7003.69
-9666.74
-5082.86
1842.4
-2338.63
-5447.86
-1557.97
-9736.93
-7207.56
-4176.46
-8924.53
-6317.64
6581.93
-1704.46
4211.25
-3592.33
641.804
3505.05
4110.54
-2952.67
-3024.69
1977.9
-408.033
-2059.69
-7835.63
3157.14
-5239.72
-519.73
-3085.12
9270.61
9896.24
9939.57
9077.73
8770.1
3633.23
-8572.34
-1734.37
-5029.76
-440.993
-7387.62
-9791.86
5499.74
-9658.8
8817.1
8947.72
8204.29
2531.51
126.652
5014.5
9118.01
-4855.19
8133.49
7706.23
8129.83
-4832.61
1932.13
9594.1
-2031.01
3091.22
-5998.41
1373.64
-7861.26
-8381.91
-3405.56
5204.32
-2580.34
-9345.07
-740.074
4636.68
-3436.08
1719.11
-1878.41
-722.373
-3184.61
-5118.26
-2458.88
2301.4
9875.48
-8617.51
-5211.04
8937.35
-1069.06
5025.48
8348.34
-5940.43
-1611.07
5490.58
472.732
7009.19
1923.58
-3310.95
-5364.85
1753.9
4469.44
-6721.09
-1525.62
-9457.99
-6212.04
8468.58
-7116.61
-857.265
-2771.39
-3764.46
-2150.64
-8178.04
-691.855
1088.6
-4319.9
4167.91
-4264.35
-1514.02
2236.7
-8112.74
-488.601
-951.872
6797.39
-6283.46
4714.8
-314.646
-8815.88
-3456.22
3619.19
-5241.55
8768.27
893.277
2748.8
-9589.83
-6019.17
-5118.87
-6496.48
-4817.96
2966.7
-5222.63
2985.63
-9953
-4018.37
288.4
638.142
-9022.19
2185.43
2695.7
6338.39
7184.97
-2565.08
-6031.37
-4448.68
8137.76
-4286.94
-5016.94
7189.25
2504.65
4814.29
-9041.72
9780.27
2128.67
6913.97
-7747.12
-8407.54
-5830.56
-5356.3
8637.04
-9677.72
-5466.78
3303.63
-4841.76
7979.67
5717.64
9827.26
-2253.18
6592.3
-7808.16
-869.472
-3340.86
-9641.71
-3550.22
8474.68
-4091.62
9869.38
8840.91
-9548.94
-3210.24
-5980.1
-5677.36
5234.23
3635.06
5254.37
9253.52
2709.13
-79.043
3740.04
-8661.46
5115.21
2848.29
-3876.16
-4118.47
-9186.99
-5471.05
-5518.66
1434.68
9820.55
-2106.08
1080.66
-2002.93
-8283.64
-4541.46
4598.83
875.576
-3428.14
-941.496
3405.56
3330.48
9493.39
8691.98
1541.49
-8858
9440.9
8583.94
-6984.16
-7788.63
-7083.04
-1391.95
54.6281
4325.39
3173.01
9181.49
913.419
-5787.84
5540.02
-2242.81
-7114.17
-8988.01
-479.446
-4948.58
6140.02
7285.07
8268.99
-881.68
-6014.28
-9319.44
-3932.92
5397.2
-4770.35
-595.416
-5554.06
-9130.83
-5789.67
4588.46
7556.69
437.33
-5836.67
-7292.4
-2574.24
-6348.16
9526.96
-8839.08
-278.024
-74.16
-7180.09
-9864.5
-9348.74
336.619
1714.83
3889.58
-4386.43
4166.08
1930.91
4572.59
237.129
-1713
-8428.91
-8288.52
-5573.6
-2474.14
2532.73
-9514.15
-9959.11
-5870.85
4610.43
1911.98
2828.76
-5545.52
7920.47
-1929.08
-752.892
1014.74
9270
5504.62
-1210.06
7996.77
-1901
9887.69
-7556.69
8384.96
7613.45
5128.64
7908.26
807.825
6740.62
0.305125
2197.03
-5760.37
-1468.25
5437.48
-7759.33
-1326.64
632.649
-4377.27
4134.34
-97.9645
-6551.41
5988.65
-8370.92
6520.28
-8365.43
1255.84
4520.1
7282.63
4523.76
-3364.06
-2470.47
6934.11
1130.1
5327.62
333.567
-1354.72
5351.42
-4581.74
-660.726
1174.05
-3021.03
9335.92
-8152.41
-1124.61
4169.13
8952.6
3226.11
-7308.27
2971.59
-512.406
7707.45
242.622
9559.92
-4680.01
3455.61
-6857.81
781.579
840.174
2505.87
9667.35
8651.69
9464.71
6219.98
-9097.87
4418.77
-6058.84
6866.36
-1514.02
-2175.66
-8926.97
5966.06
2085.94
7183.14
-6029.54
-9984.74
-5281.23
5910.52
-5023.65
-5778.07
4058.66
1116.67
-7622
-5133.52
-2167.73
9900.51
4032.41
928.678
-8545.49
8958.71
1029.39
5593.13
-3993.96
3143.71
4520.71
8264.11
-5307.47
8594.32
-1160.62
7710.5
5900.75
-3946.96
4030.58
-3027.13
989.105
-9986.57
920.743
650.349
-5081.03
9307.23
-8145.7
5195.78
-2124.39
4761.19
-9782.1
2844.02
5976.44
-445.875
1876.58
-203.559
-783.41
7889.34
-8348.95
9294.41
4761.8
-2385.63
-2037.11
190.13
-6281.01
-7588.43
8757.9
1659.29
9507.43
-816.981
1854.61
-5330.67
-4045.23
-3743.1
2828.76
-9172.95
3251.14
8036.44
3556.32
9237.65
-128.483
1721.55
-5446.03
-8005.31
8605.91
-8271.43
-5772.58
8931.24
-5189.06
7423.02
8161.56
-7753.23
5019.99
9802.24
1572.62
-8348.95
4022.64
-7249.67
-1944.94
-9367.05
8548.54
-5515
7733.7
-5508.9
5680.41
-5176.24
-2040.16
-9253.52
-5886.1
3899.35
9676.5
-7437.06
-3601.49
-2059.08
-7440.72
5801.87
276.192
7757.5
2087.16
-9671.01
-2752.46
-4467.6
-8362.99
-3785.82
-3506.88
5571.76
2757.96
5426.5
2267.22
4616.53
6718.04
-325.022
-7107.46
-2645.04
480.056
4996.8
9486.68
-7249.06
-9793.08
-6266.98
-7468.18
6823.02
5435.04
-5486.31
-5566.27
-2514.42
-2967.31
-9129
6168.1
-2902.62
2081.06
-886.563
6159.55
-1683.1
8784.75
6083.25
9519.03
-1087.98
4550.61
-2580.95
5743.89
1139.26
356.761
-3046.05
3033.23
-8688.31
-5466.17
7871.03
7319.25
-4800.87
9086.89
-3762.63
-5845.21
-5141.45
1675.77
7555.47
1580.55
2549.21
6395.76
-3066.19
2086.55
-2667.01
6460.46
3530.08
1805.78
-0.305246
-8068.79
9866.94
5057.83
-8062.07
5607.78
-3343.3
-7632.98
-6427.5
-9794.31
-6235.85
-9912.11
8002.87
-41.8104
-2076.78
-249.947
5454.57
9739.98
-2165.29
5256.81
-5815.91
4869.23
-2722.56
6066.16
-6551.41
4697.1
-3154.09
-5536.97
-5828.73
3101.6
4952.24
5070.65
2930.08
-967.742
-1297.34
-5303.2
-5111.55
211.493
5292.83
677.206
-8702.35
-6873.07
4524.98
-4199.04
7197.18
2441.18
3088.78
7975.4
4928.43
-7067.78
1225.32
2737.21
-899.381
-2889.8
2397.23
-3257.85
8626.06
1608.63
6590.47
353.709
1445.66
-4495.68
-2124.39
-2538.22
7581.71
-6334.12
6854.15
649.129
6127.81
-1730.7
-1393.78
9839.47
1819.82
-8395.34
6779.08
-7460.86
-3209.02
3296.3
4426.1
-6183.97
-6844.39
5057.83
-7766.04
-5880
-7965.64
-3882.26
-5245.22
3086.95
4648.88
-7570.73
5272.07
7438.28
1114.23
2796.41
9923.7
1113.62
-7448.65
5037.08
-8292.18
-4249.09
-7855.77
5313.58
4999.85
-357.372
-9233.38
-6251.11
1196.63
3296.3
-7195.35
-538.041
-3879.21
-281.076
7800.23
-1868.65
-188.299
-2444.23
3538.62
-4762.41
-683.31
-4797.2
-3790.7
-1918.09
-4876.55
-5977.66
3259.68
-273.141
1842.4
-1214.33
-5435.04
7974.18
-6223.03
3464.16
7554.25
2500.99
6002.69
-9497.05
1895.5
-6704
-8429.52
1690.42
-616.169
3502
5482.04
8755.46
4645.22
9795.53
-3967.71
1818.6
-7711.72
3438.52
-5826.9
3818.17
-3874.32
5113.99
1500.6
9038.06
6089.97
-3326.82
7504.2
-6140.02
8470.41
2931.3
-3300.58
-2124.39
-4905.24
6614.28
-3733.33
3461.1
-2915.43
9606.31
4821.01
-8035.22
8798.79
3604.54
-7056.18
4621.42
-2396.62
3316.45
-3903.01
6307.26
5086.52
5316.02
-9460.43
284.127
-4660.48
5698.11
-7116
-7961.36
-4061.71
-364.086
-6093.63
-9652.7
7240.52
-4012.27
7238.07
3697.32
5632.19
-9940.18
3570.97
180.364
-3660.08
7664.11
-9009.98
8988.01
1445.05
3583.79
-7933.29
-8362.38
-1289.41
7585.38
-1669.06
1046.48
-3140.66
1089.21
-7242.35
-3420.82
2918.48
-2368.54
882.29
-6793.73
7263.1
-9759.51
1171
-7119.66
1974.85
-1152.07
-4720.3
-3733.94
-1846.68
871.303
8819.54
2951.45
-2209.23
-1919.92
3249.31
-1747.8
5843.38
2876.98
9534.9
-5248.27
-1872.31
-2881.25
4184.39
6685.69
-9342.02
6603.29
-1706.9
5305.64
6055.18
4339.43
225.532
-6653.34
2646.26
5738.4
2544.94
6718.04
1896.73
8840.91
-6161.99
1544.54
-224.921
2705.47
6039.31
-5310.53
-2308.11
-2909.94
-2109.74
-4123.97
-1361.43
-3451.95
5157.93
-466.018
4141.67
-7941.22
-1768.55
-5500.96
-2338.63
-6672.87
-2263.56
-309.153
-9934.69
-5132.91
8770.1
3890.8
-7203.89
-994.598
4400.46
-2256.23
-5645.01
8920.87
-950.041
-3881.65
5734.73
-5156.71
2385.02
-1064.79
-9577.01
6554.46
-5666.98
8603.47
4602.5
-4713.58
-8130.44
-7819.15
3162.63
-1827.14
8174.38
6386.61
-2831.2
8356.27
-5196.39
-6412.24
-1606.19
3888.97
7497.48
6893.22
-3453.17
-1457.26
6234.02
-7532.88
4822.84
7665.94
-9821.16
7200.23
-602.741
-7806.33
-1866.21
-147.404
8490.55
-6042.36
-4878.38
-6198.61
-3370.77
5404.52
-4269.23
-486.16
-273.141
6851.1
4836.27
-5128.03
-3391.52
-5590.08
6335.34
1473.74
-7393.11
-8298.29
514.237
-4965.06
855.434
8476.52
668.66
-1978.52
-3100.99
-718.711
9612.42
-7372.97
-7748.34
5287.94
6689.96
2232.43
2522.35
-7588.43
5925.17
-536.21
-4260.08
8841.52
-4074.53
8979.46
-3503.83
-4889.37
2168.34
3105.26
-8468.58
9834.59
2297.74
-1549.42
-7603.08
4229.56
-4947.97
-8378.25
805.383
8557.08
-6549.58
2165.9
-7692.19
3595.39
2862.33
860.317
3912.78
283.517
-5419.78
-8511.31
1274.15
650.349
-4463.33
4208.81
-8919.64
3159.58
4763.02
8648.64
-5743.89
5593.13
-2754.3
4860.68
5615.71
8597.37
5781.12
246.895
-4418.77
-6981.11
1467.02
-9415.27
-395.825
-5839.72
3452.56
-6716.82
-9103.37
6063.11
-1433.45
-9012.42
2118.9
-1037.93
1460.31
-6337.17
-8373.97
3034.46
-4124.58
-2721.34
-79.043
1548.81
7678.76
7217.32
-8082.22
6565.45
-9732.05
4537.8
-9339.58
293.893
-6998.81
3215.12
-1897.95
-4755.7
-6759.54
-3520.31
8585.16
-3711.36
2671.29
383.618
-9359.72
-2237.92
8489.33
-7279.58
2735.37
-1268.04
106.51
-4580.52
-1416.97
9550.16
1986.45
-1457.87
7656.79
-7178.26
3230.99
-5993.53
6518.45
-8082.22
4562.21
-2839.75
6595.35
-9855.95
-6700.34
4332.1
-5972.78
-6298.1
6980.5
4486.53
7205.73
1566.52
-3771.17
-6900.54
7637.87
-4601.89
7516.4
6395.76
9751.58
-7375.41
-3577.07
4048.28
5275.12
-4194.16
-7963.19
-1506.7
7808.77
1416.97
3105.26
-1035.49
-6782.74
1169.16
6576.43
8378.86
1470.69
-1006.81
9141.82
1200.9
-4451.12
-3184
2416.15
410.474
3049.71
-7755.06
2372.2
1691.03
-3889.58
1299.78
-6339
2975.25
-4720.3
9298.07
9438.46
7463.91
-7044.59
3039.34
7322.31
-1750.85
2021.85
7398.6
-7889.34
-7340.01
5301.98
-540.483
5886.72
-5533.92
-8536.94
3310.95
-3882.26
-7950.99
-7015.9
-1366.92
2404.55
683.309
-8175.6
6201.67
-7526.78
-2958.77
8409.38
3420.82
8062.07
4045.84
-438.551
-6967.07
-8695.03
-5792.72
1006.2
-1891.23
-7740.41
9553.21
66.8355
6454.36
8182.93
6292
-5817.13
-2444.23
-4806.97
2323.37
874.966
-4809.41
2945.34
-4271.68
-5223.85
-1172.83
-7072.05
-7639.7
-2636.49
-3064.97
-8969.7
-9341.41
-4993.74
-4659.87
-5019.38
1820.43
-9040.5
3738.21
7302.77
-6557.51
6931.06
-6498.92
-5604.72
-5226.91
-160.833
9898.07
2379.53
-8321.48
9396.95
-8150.58
-9678.95
9473.86
2132.33
2353.89
-8536.94
-8282.42
7491.99
2695.7
3092.44
-6877.96
-8375.19
-6426.89
-4335.76
-5322.73
4501.79
-3738.21
1805.78
-865.81
5964.84
-3055.21
-4167.3
-5038.91
6360.36
7326.58
4396.8
6903.59
7360.15
4667.81
-1113.01
1269.26
-1396.22
4357.74
-9779.66
4067.2
-4212.47
8143.86
-3362.22
118.717
-4177.07
1160.62
5129.86
-8725.55
-5308.69
865.81
-2878.2
1857.05
3617.97
-8983.73
-951.262
9451.28
9190.04
3810.85
8425.25
9176.61
-6951.81
3318.89
-3942.08
9561.14
-3226.11
-6672.87
-4986.42
8133.49
7590.87
2721.34
-3032.62
4878.38
-9483.02
-8469.19
6561.17
1659.29
2587.66
-9229.1
-5604.72
5748.77
-5229.35
-810.266
-723.594
5580.31
-2796.41
-9943.85
348.216
-3144.32
-6625.87
-8882.41
9732.66
7130.04
-1124.61
-9160.13
6298.71
-3011.26
-9647.82
-5934.32
1194.8
5967.28
268.868
207.221
-4239.33
1305.89
3122.96
7110.51
2447.28
-2308.73
8728.6
-6300.55
9371.32
6099.12
8196.97
4545.73
-876.186
-144.353
8232.98
9461.65
2466.81
-3937.8
-617.39
1273.54
-2466.81
485.549
-6153.45
4875.33
-4838.1
-5943.48
-1509.75
695.517
989.715
9093.6
-1326.03
-4293.04
-5073.7
-6625.87
-1468.86
5100.56
-1361.43
-9807.12
-6688.13
-2256.23
-8336.13
-7493.82
-573.443
8558.92
6787.01
-682.089
-2195.81
-9064.91
5292.21
-7593.92
-3795.59
-7690.36
2731.1
1533.56
6091.8
6034.42
5817.13
-3743.71
-292.062
2655.42
-8917.81
-7543.87
2967.93
-6262.7
5914.18
-8266.55
9794.92
-8652.91
2599.87
1766.72
-6468.4
-3673.51
6005.74
-4222.85
1043.43
-1518.91
5512.56
-774.865
5141.45
1807.61
-8163.4
1849.73
953.703
-2115.24
9353.62
3190.1
1864.99
552.69
4558.55
9706.41
650.96
5009
1283.91
-8370.92
-8565.02
4440.75
3299.97
-2341.69
-1910.76
7320.47
-5077.97
-4360.18
4704.43
8496.05
251.167
-2657.86
-6244.39
-2811.67
-8327.59
-4538.41
7592.7
-4967.5
8238.47
-9020.36
-1130.71
7279.58
-5445.42
-1006.81
5546.74
290.841
804.163
-8850.67
-3909.73
8445.39
-5472.88
2806.79
488.601
3581.96
4783.17
3047.88
-7282.63
-9886.47
9321.27
-4335.15
271.92
-1075.78
5383.16
9256.57
6395.76
3181.55
-5235.45
4536.58
632.038
9188.82
3760.19
-2991.12
3316.45
5402.08
8612.63
3109.53
-357.982
2734.15
7098.91
7954.65
8921.48
9276.71
6873.07
2811.67
4664.14
-7446.82
-8810.39
-9575.18
-8894.62
-7552.42
-7361.98
6320.08
-8198.19
-2089.6
-4492.63
-5799.43
-4077.58
-9414.04
-2590.11
3582.57
-2142.09
8480.18
-9211.4
7773.37
-4216.74
-7216.71
-5070.04
-9671.62
4780.72
-9006.93
-889.004
-1885.74
-9836.42
-557.573
7505.42
9089.33
-3378.7
-1627.55
6469.62
-7058.63
-1194.8
2667.01
4838.71
-7293.01
8988.01
1376.08
7856.38
5480.82
7418.13
9154.03
-4643.39
-9641.1
-9006.32
2736.59
4838.1
1734.98
5884.88
5582.75
-9964.6
-3934.14
-282.907
-6197.39
-4365.67
-9752.8
-1035.49
6506.24
-1266.21
-289.621
7148.35
-6320.08
-2303.23
-5629.75
9493.39
4741.05
-986.663
553.911
-354.32
-9130.83
2784.81
7027.5
-5909.3
4260.08
-2524.19
3249.92
9889.52
7412.03
4545.12
7980.9
-8640.1
-4420
3583.79
-3639.33
1332.13
5523.54
-1410.87
3596.61
2593.16
-6345.1
-4007.39
-6627.7
5155.49
-3257.85
-4926.6
9111.91
4971.77
-1735.59
1378.52
-3787.04
9719.23
-6436.05
3775.44
-6604.51
-2726.22
-3094.27
5765.25
1263.77
2516.86
3584.4
-8328.2
6223.03
-1926.63
-9815.67
-1648.92
7878.35
4629.96
6141.24
-6982.33
8030.34
-3555.1
-295.724
7842.34
9396.95
-2322.15
-8548.54
-8076.11
2189.09
-4833.22
-1542.1
-8725.55
6661.89
3273.72
2256.84
-2565.08
9768.06
6425.06
3718.07
-4654.38
4034.24
-5024.87
-2040.77
-8892.79
6798
13.7333
-7572.56
-9758.29
7908.87
2740.87
1264.99
7090.37
4040.96
4040.96
-908.536
-4033.63
7728.81
9878.54
7324.75
4698.32
9252.3
-1868.65
-3835.26
1167.33
-497.147
2503.43
-4629.35
-6506.24
-8052.92
-872.524
-3053.99
-5533.92
-8179.88
-8511.31
2865.38
-9135.72
-9332.25
-704.062
966.521
8284.86
-5632.8
6918.85
2131.72
-7900.33
2747.58
-2973.42
1880.25
-4824.67
8940.4
5041.96
-498.367
-7028.72
-3423.87
40.5896
-2144.54
-3351.85
2963.65
7725.15
-3045.44
4808.8
6366.47
1089.21
4466.99
4497.51
5506.45
-5594.35
-3743.71
2079.84
9420.76
6158.33
-9916.99
-5367.9
5793.94
6544.69
5600.45
2466.2
5893.43
-4827.72
-6241.34
-6596.58
-5773.19
4580.52
8751.18
-555.742
1059.3
-4802.7
5625.48
-3567.92
5897.09
-2618.79
-3319.5
7361.98
-9920.04
6143.07
9782.1
-63.1734
6600.24
4199.65
1711.17
-984.222
5266.58
-1033.66
9685.66
4563.43
1353.5
9122.9
-5842.77
-4268.01
5845.82
6374.4
-3959.17
-8289.74
5411.24
8029.73
1463.36
9942.01
-9772.94
6028.93
-2807.4
-7639.7
-2219.61
8039.49
9846.19
258.492
-9230.93
-3752.86
-7984.56
8406.93
-2764.06
-531.327
8435.01
-938.444
-8957.49
4208.2
5305.03
6480.61
835.902
283.517
-4087.34
-7432.17
5598.01
6652.12
5665.15
4280.22
4938.81
-6949.98
9655.75
-6586.81
2228.77
3085.12
5903.81
9399.4
8716.39
-5609
-2625.51
5731.68
6740.01
1484.73
5920.9
-9346.29
172.43
-3062.53
-8744.47
2728.66
-9787.59
-3501.39
-1901
1912.59
4656.82
3781.55
4601.89
-3233.44
-1231.42
151.067
-4805.75
-1577.5
-4119.69
-4571.37
-9031.34
1935.18
5837.89
5044.4
726.646
5638.29
9432.36
9255.35
5814.08
9136.33
6922.51
63.1733
1872.31
550.249
-1206.4
-8546.1
-9371.32
-6344.49
-3138.22
-1423.08
4850.31
5513.17
-6144.9
1496.32
-415.967
-4752.65
9601.43
-857.875
-7182.53
-5427.72
1932.74
9077.12
8670.61
-9293.19
454.421
-1291.85
6257.82
-7705.62
-8720.05
3572.8
7336.95
-1046.48
-9129
-1683.71
5870.85
5093.84
-2892.24
-4007.39
-7368.08
-1395.61
-4297.92
1307.11
-2034.67
5060.27
-9902.95
-6566.67
5846.43
-1946.17
-7037.26
4021.42
2348.4
6289.56
7417.52
6030.15
-8348.34
-1945.56
-3896.91
-997.65
2715.84
-6292
6238.9
6411.63
-259.102
6791.89
8769.49
-9298.68
-456.862
4405.35
-250.557
1651.36
8970.31
7463.3
2071.29
3679.01
5477.16
1457.26
-4327.22
-2278.21
-6002.08
-1644.03
-5652.33
3308.51
3224.89
257.271
-2719.5
-3550.22
-5571.15
5427.72
-6567.28
8980.07
5945.92
7345.5
6909.7
4963.84
6449.48
7381.51
1420.64
-198.065
140.08
-8267.77
-8023.62
-2346.57
-3028.35
-6756.49
1930.3
-7194.13
-8957.49
8732.26
-6503.8
-9382.31
274.972
-7553.64
9873.65
-6350.6
-9489.12
-3713.19
-2906.89
8621.78
-2856.23
-2598.65
3718.68
-183.416
7417.52
3796.81
6520.89
4547.56
-3490.4
-1421.86
256.661
-3674.12
537.431
-6552.63
-326.243
-8652.3
-408.643
-7914.98
-8133.49
3928.65
-6056.4
-5961.18
7108.68
6500.14
6537.37
-254.83
6283.46
-185.858
-5105.44
7311.93
-6948.15
8957.49
5563.22
1675.77
8859.22
-9185.16
-5775.02
6778.47
-1075.78
8604.69
4595.17
1364.48
7332.68
-894.498
9236.43
9047.82
9349.96
8209.17
5408.8
3249.31
-907.315
409.253
9088.72
-2344.74
673.543
-2126.22
270.699
2795.8
945.769
-5301.37
2690.21
-608.234
-8022.4
1993.16
-8921.48
9076.51
1379.13
9401.84
9089.33
-6870.02
-1401.72
-1297.34
-8997.16
-153.508
-4670.86
-4899.75
-9638.05
-8846.4
8137.76
-8165.84
8626.67
9124.12
1444.44
-6261.48
7007.97
-7015.29
-1017.79
-4631.18
-5415.51
7267.37
1853.39
-675.985
-4165.47
-8288.52
1317.48
-9610.58
-9293.8
-6447.04
4428.54
-8872.65
-9646.6
-7180.7
645.466
-5466.17
1656.85
1255.84
7552.42
-608.234
3666.8
5514.39
3796.81
3948.18
9075.29
-4778.28
7384.56
3530.69
-6140.02
6555.68
7449.26
7740.41
8215.28
1953.49
7624.44
2834.25
-8107.24
-3418.99
9142.43
-5066.99
7089.14
-7818.54
-8219.55
-329.905
-8011.41
8936.12
792.566
-6084.48
8104.8
-4051.94
-2067.63
-4811.24
4525.59
-8999.6
4710.53
4399.24
-7792.9
-9819.33
-4001.28
-2475.36
-8573.56
-1978.52
-7885.68
1868.04
5522.93
-1227.15
7502.98
2500.99
4053.16
-566.118
4147.77
-5465.56
8492.39
5162.21
7835.63
6831.57
3589.28
-2304.45
-4607.38
-7210
7518.23
-2594.38
-8975.19
-6176.03
3939.63
-389.721
-112.003
-8839.69
9103.98
5763.42
-2999.66
-8415.48
-2884.3
160.222
-356.761
2756.74
-3508.1
-7229.53
1355.33
3719.29
1127.66
-1169.77
-4344.31
6230.35
8807.34
-4181.34
7617.73
-7462.69
-9625.84
8439.28
1423.08
5225.68
2696.31
2235.48
2012.09
-5244.61
8535.72
-3534.96
-1037.32
331.126
-3532.52
-3142.49
-9274.88
9700.31
3959.17
-1124.61
-2674.34
-6464.13
-3266.4
2114.63
-323.191
10.071
7556.69
6455.58
-6387.83
5181.74
7551.81
-9396.95
-3223.67
4841.15
-6810.82
3633.23
-3513.6
3413.5
2060.91
-9832.76
-3303.02
5566.88
563.066
-188.299
-7806.33
6135.14
-3371.99
1475.57
8136.54
3985.41
613.727
-6804.71
-6923.12
-4538.41
7484.05
8099.31
3584.4
-6981.72
3402.51
7117.22
8588.82
4675.13
9866.94
-910.367
-8414.26
-82.7052
8504.59
-1132.54
-1189.92
-2328.87
-339.061
4058.66
-8488.11
1965.09
-2101.2
1023.29
-9534.9
919.523
-2461.32
755.333
-9180.27
-5320.9
-8638.26
-4726.4
-4563.43
7913.14
-4398.02
-4857.63
4821.01
-7485.27
4354.08
-1248.51
-8218.33
-3879.82
6519.06
-6021.61
-1053.8
2069.46
8413.04
2858.67
7247.23
-3558.15
-4832
9891.35
-6487.32
7783.75
-5955.69
4595.78
5285.5
-4839.93
-7220.37
-1040.38
-9012.42
-9854.12
-3888.97
-9611.8
-6429.94
8394.73
-6426.89
-9210.18
5755.49
-3604.54
1724.6
-7582.32
-4987.64
9055.15
-6100.34
-8905.61
-3618.58
3724.17
635.701
-2552.87
1274.76
6292
-6118.66
-3229.77
379.345
-5019.38
-1875.36
8151.8
8788.42
-2546.16
1554.92
3475.75
-8522.9
6875.52
-9606.92
-3057.65
-2732.93
-7463.3
-491.043
5709.71
-619.221
-9320.66
2452.77
-7700.12
-9273.66
-8861.05
-5974
9389.63
-7959.53
5431.99
8516.8
-2400.89
995.209
-8085.27
6723.53
-3071.08
417.798
3639.33
-5108.49
2438.12
-6268.2
-5474.72
8693.2
4817.35
5749.99
9481.8
5366.07
6464.74
-3057.04
-5905.64
-2856.23
-6304.82
9315.16
9514.15
9102.15
-4291.82
-8004.09
8160.34
-5460.68
-9063.69
4698.32
-4129.46
-8973.97
-8594.93
7136.14
-3873.1
-9758.9
5722.53
-7441.94
1966.92
4720.3
-8673.67
-6498.92
-8777.43
4648.27
-3379.31
-2107.3
-9296.85
7811.21
3608.2
3638.11
4947.36
-4161.81
-8333.69
9801.02
-4831.39
-139.47
-6923.12
-7482.83
4027.53
8706.62
937.223
3754.08
-8158.51
2759.18
80.874
1050.75
-128.483
6608.78
1631.82
6357.31
6297.49
3612.48
-8185.37
2104.25
-9479.96
5500.35
-4350.41
2617.57
-8594.32
135.807
6151.62
9016.69
-4899.75
-9422.59
-332.957
5707.88
-1960.81
8542.44
7966.25
6611.22
779.137
-4581.74
7716.6
9232.76
-1727.65
-6066.16
-2032.84
4715.42
2215.34
3622.24
6265.14
1994.99
1087.98
3193.76
-5974.61
-5825.07
-6484.88
-7048.25
1791.74
5261.7
577.105
372.631
4998.02
5368.51
-7317.42
1971.8
865.2
-7473.07
-3354.29
4586.02
-2940.46
9224.22
-1425.52
-807.825
2724.39
-8217.72
8214.06
-9603.26
-7469.41
733.97
351.268
-5294.05
4352.85
-9723.5
-1078.22
-9285.26
1204.57
4972.38
-567.339
-5666.98
-1940.67
1786.86
-4667.81
2179.33
4175.24
5609.61
3951.23
-3742.48
1556.14
-3621.02
-2366.1
-6946.32
-9833.37
-4073.31
-4299.14
-9830.93
536.21
-7321.09
2842.8
-6382.95
4360.79
-7667.17
9596.54
-1091.65
3751.03
-7366.25
507.523
9052.71
9724.72
-9620.35
5621.2
2598.04
-9410.38
-1220.44
910.977
-5163.43
837.123
3279.82
-6716.82
5294.05
-8842.74
-5994.75
-4225.29
-5364.85
-9777.21
2916.65
8569.29
4117.25
-1148.41
3821.22
-8538.77
689.413
7174.6
3365.28
3392.74
900.601
-4558.55
1121.56
-5322.73
-3293.25
9082
6907.25
7553.03
-3674.12
8646.81
-6548.36
-9323.71
3253.58
5262.31
-7456.59
3185.83
6566.67
2214.12
-7225.87
-6036.87
5644.4
-6712.55
7014.07
-8285.47
2425.92
-1503.65
7733.7
-8504.59
4333.32
7812.43
-1691.64
-6692.4
-9019.13
-6469.01
-1579.33
-1610.46
7804.5
1899.78
-8313.55
-1172.22
-279.855
4617.15
-6359.14
6118.66
7960.75
853.603
8192.08
-5712.76
3185.83
-9605.7
-9320.66
3220.01
-1981.57
8545.49
5665.76
-2200.08
-7886.9
3420.82
-2435.07
8499.1
-7106.85
6239.51
2265.39
9035
5073.09
-4748.99
-2163.46
-3273.11
-7904.6
3924.38
2478.41
-8830.53
2610.86
-5986.21
-2190.92
-3149.21
5116.43
4139.84
5638.9
5343.49
3887.14
-5507.68
-3660.7
2690.82
-679.037
-1694.69
-3057.65
-2389.9
5820.19
699.789
-2909.33
-3854.18
-9660.63
-4452.96
962.859
-1609.85
4723.96
957.366
3300.58
2898.34
-5043.18
4028.14
-2334.97
-5574.21
450.758
-4524.98
-4957.73
613.117
6501.97
4774.01
925.016
-6766.26
3031.4
-3572.19
8996.55
-354.32
-7258.83
-1998.05
-458.693
56.4592
1813.71
533.769
710.166
-3760.19
-3733.33
1951.66
754.112
7316.81
-2892.85
-5867.79
9367.66
-1764.28
-2610.86
4208.2
-3743.71
-3428.75
-5679.8
-9237.04
5053.56
3270.06
-474.563
5533.92
-9284.65
-7036.65
602.74
1243.63
-1481.06
9480.58
-2907.5
-3804.13
-7216.71
-7824.64
3985.41
-3752.86
-6553.24
-1293.07
5895.26
4793.54
8616.29
-118.107
-4980.32
1381.57
1218.6
-7802.67
-3981.75
-413.526
-2114.02
3704.64
-9077.12
4765.47
-1821.04
-1189.31
7219.15
2323.37
-7700.12
-2338.02
2212.9
-2891.02
5400.25
-4284.49
6812.65
-5429.55
-3385.42
-871.914
1850.95
4291.21
-9049.04
1598.86
-9932.25
-3462.32
-7848.45
-1722.16
-3114.41
-7563.4
-5340.43
2367.32
3096.1
-1590.32
2811.67
47.914
2588.27
5494.86
-4619.59
9348.74
8239.69
4170.96
3593.55
-1415.14
-904.263
-4681.84
758.385
9996.34
-8034.61
7936.34
-8393.51
4200.26
-9447
4240.55
-503.25
-8907.44
-4744.1
2776.88
-411.695
2822.05
6751.61
154.118
-3879.21
-5547.96
6497.09
2050.54
-8081.61
7951.6
7269.2
4089.18
8245.19
5123.75
-3130.89
-6770.53
3137
5111.54
8113.35
-9710.07
6337.17
-7906.43
-1760
4226.51
-1044.65
8803.06
-9141.82
-1204.57
-4016.54
1490.22
3554.49
2225.1
-221.259
-8043.15
-5709.1
516.068
2658.47
2286.14
9722.89
5005.95
6714.99
7888.12
8546.1
-5189.06
-1015.35
4499.95
3015.53
4777.67
-9906.61
4746.54
-8251.29
-431.837
-5496.69
9902.95
6949.37
4502.4
482.498
-7527.39
9158.3
-6218.76
7935.73
-4782.56
-7318.64
6724.14
2200.69
2250.13
-5198.22
-7372.36
1952.27
7825.86
-8100.53
-5102.39
9334.7
-1543.32
-4377.88
-4951.63
436.72
-6033.2
-7789.85
7219.15
4255.81
3120.52
-1885.13
3822.44
8251.29
-555.742
-4968.72
2947.17
-1365.7
-7129.43
-2531.51
-1851.56
-6497.7
2827.54
-4016.54
1239.36
-3044.22
8393.51
9206.52
-1277.81
-7691.58
1155.13
7778.86
-7526.78
2535.78
-3619.19
3327.43
5313.58
-3937.8
8138.37
5611.44
2081.06
6036.87
3987.85
945.769
6845.61
1198.46
4863.73
-4949.8
6871.24
-3518.48
5783.56
-6568.5
3971.37
1459.09
2996
2429.58
3861.51
-5228.13
3204.75
4053.16
4154.48
2657.86
481.887
7734.92
-8395.34
9703.36
-3491.01
-7885.07
9244.36
-50.966
9754.63
0.305125
4017.76
-3523.36
9228.49
-398.267
-4443.19
-2411.27
-1568.96
-4805.75
-3291.42
-2279.43
5121.31
314.035
6450.7
-8796.35
2524.8
-3386.64
5807.37
7002.47
-2374.03
-8485.67
-2593.77
-7444.38
-7860.65
-2229.99
-711.387
-5155.49
-8185.37
8065.13
-6396.98
-3191.93
9678.33
7784.97
807.215
-2758.57
-1152.68
-931.73
0.305125
-7710.5
542.924
-722.373
6019.78
6673.48
2920.32
7007.35
3911.56
-7238.69
-3658.86
-1243.63
-8583.94
5624.26
724.815
9389.02
-9916.38
-7816.71
-9414.66
-489.822
-4352.85
2594.99
-6602.68
2881.25
8278.76
1977.29
6899.93
-3003.33
-6647.24
-9379.86
-9026.46
9956.05
-6654.56
-9205.3
-281.076
6737.57
1488.39
8286.08
9342.02
8028.5
-2195.81
6782.74
7496.87
4702.6
-1844.84
3240.15
-306.711
1098.36
-3080.23
2345.96
-1597.03
-9794.31
-6072.27
-1787.47
-9520.25
-6108.28
6282.85
1418.2
8533.28
-8706.02
-4317.45
-470.29
1864.38
8499.71
-8114.57
9222.39
-7394.94
-7362.59
2923.98
8129.22
-7327.8
3517.87
-7296.67
4539.63
7167.88
5921.51
-3385.42
-6923.73
-150.456
-4308.91
-4230.78
-5525.99
6300.55
2732.93
502.64
7581.1
-9589.22
4051.94
3752.86
-8283.03
9817.5
9958.5
-5049.9
7507.86
5897.09
-3440.35
-4960.17
-5685.29
3971.37
7667.78
3261.51
-7600.63
-677.206
-757.164
-3689.38
7933.9
-5344.1
9508.04
-9490.34
8988.01
4635.46
7840.51
7614.67
-9376.81
-6890.16
5593.13
-5131.69
-2791.53
-1335.18
1940.67
-47.3037
86.3673
-5883.05
7897.27
-8566.24
-1279.03
-4422.44
1622.06
5352.64
3441.57
6713.77
-1860.71
8560.75
7919.25
-6171.15
6595.97
-550.249
9488.51
-2610.86
-1818.6
-3317.06
5450.3
-4381.54
-2156.13
-3438.52
3475.14
5790.28
2911.77
9647.21
-5770.13
-1160.62
1761.22
-2731.1
4363.84
-7078.77
-4358.35
-1462.75
-2041.99
1536
-3203.53
8492.39
4594.56
1852.78
5992.92
-1994.38
2132.94
-1147.19
2591.94
-3928.65
-7647.63
-9082
-9713.13
5098.73
-2433.24
-7509.69
-8376.42
9842.52
-3666.19
-576.495
-5560.17
-9414.66
6404.31
-7341.84
3343.91
1214.94
-6990.88
5844.6
-649.129
2788.48
-9364.6
-7473.68
818.812
-6747.34
-3608.2
-1467.02
8790.25
3906.67
3112.58
-4820.4
9874.26
3251.14
-9698.48
-1079.44
-205.39
-1152.07
1064.79
-6930.45
728.477
-2187.87
3131.5
-2781.15
-4445.63
-3442.79
2114.02
-28.9926
-7858.82
427.564
5112.16
625.935
805.994
3840.75
2792.75
-4570.15
-1950.44
-8447.22
8078.55
-5974
-279.244
-8303.17
-445.265
1720.94
-3292.64
1188.09
7735.53
-6802.88
-3701.59
-5853.15
-7703.79
-6701.56
2331.31
-6046.02
8422.8
-9491.56
-2745.14
-442.824
-9631.34
-1249.73
-765.709
6671.04
-9618.52
-6870.63
-2586.44
-5528.43
1094.09
-4749.6
-1526.84
-1562.24
-480.056
-6272.47
7598.19
-61.9526
780.969
-4487.14
-3014.92
-6791.28
-323.191
-6324.96
5018.77
336.619
8240.91
7244.18
-771.203
-5126.8
7388.84
-1248.51
6168.1
4709.31
802.942
5095.06
1326.03
-5168.92
9157.69
7344.89
2207.4
585.65
-7169.71
-4882.05
-2298.96
-7925.35
1211.89
-8843.35
-3140.05
312.815
-3263.34
-8283.64
-9777.21
5762.81
-8223.82
8406.32
6800.44
-117.496
6498.92
7098.3
-155.339
301.828
5835.44
9529.4
4544.51
-9740.59
3674.12
-6771.14
744.957
2922.15
-7600.63
-4614.7
3843.81
1210.67
5917.23
-3711.97
-3032.62
-6241.34
-5729.24
7960.75
7570.12
-2368.54
-2005.98
3617.97
1562.85
8425.25
307.932
-6433
-1888.18
8375.19
5298.32
3178.5
-1772.82
-6904.81
192.572
-1449.32
-9739.37
7580.49
9866.33
-4499.34
5446.64
-7919.25
1695.3
-2508.32
6605.12
8500.32
8893.4
-1860.1
3133.95
7908.26
-9559.92
-6091.8
-4582.96
9828.49
-4251.53
2627.95
1770.38
-6104.01
-7828.91
-6540.42
-8951.38
-5469.83
3492.23
3927.43
-5951.41
-763.268
-2483.29
9649.65
-3182.78
1168.55
-9111.91
2383.8
9009.37
6570.94
9257.79
2027.95
-9602.04
7731.86
-9075.9
-1821.65
8685.26
2067.63
-7911.31
6896.88
-8285.47
7963.81
1822.26
-1716.67
7238.69
-1998.66
4890.59
510.575
-6668.6
189.52
557.573
-4087.34
-7393.72
7831.35
-4512.16
-5218.36
-6659.44
8646.81
-1125.22
2477.19
-9363.38
-6221.2
-2078.62
5482.04
-9244.36
-2690.21
1800.29
-7966.25
-8269.6
6905.42
-7790.46
-7055.57
3401.29
-3779.11
8660.85
-1754.51
-16.7852
-309.763
6615.5
-4728.23
8303.78
318.308
-3402.51
3827.33
4824.67
-8889.13
2412.49
-5967.89
4581.13
761.437
6583.76
2503.43
-4841.15
4217.96
1150.24
-7531.05
-1164.89
8762.17
-8063.91
-6539.2
-3992.74
-3784.6
-5579.7
6199.83
-6959.75
-8089.54
9335.92
8299.51
7646.41
1039.16
-3880.43
6420.18
-5064.55
3007.6
-7660.45
-9513.54
7250.28
4432.2
-2779.93
-4391.31
-9085.05
1384.62
7399.21
7312.54
-6970.73
-8474.68
3030.79
-4271.68
1418.2
6741.84
-7628.1
-5660.88
-9125.34
6917.63
-7036.04
8930.63
-1180.15
5467.39
-2456.43
-7643.36
3494.67
7247.23
2804.35
-9243.75
7822.2
9472.64
9136.33
-3165.07
2056.03
6276.13
9467.76
-4156.93
8344.07
7514.57
-4670.86
-122.379
327.464
-7534.71
-1725.21
-3876.16
912.198
9027.68
-5226.91
4673.91
-8681.6
-945.158
-7289.96
-8466.75
-5446.64
450.148
7605.52
-7546.31
6418.96
6639.91
6691.79
-6791.28
-2817.77
-5945.92
8964.81
1938.84
-2959.99
-1751.46
-664.998
-805.384
8492.39
9271.83
5009
1297.34
-1242.41
6923.73
-7781.91
2645.65
-4650.11
6522.11
-8570.51
-7405.32
-2051.15
-4203.92
9150.36
-7471.24
9680.17
-6456.19
-5532.7
8751.79
936.003
-9333.48
-1567.74
6828.52
8861.05
4219.18
-5572.98
2991.12
5625.48
5082.86
-2372.2
-1754.51
-1387.68
9904.17
-8303.78
-9205.3
-4352.24
-2085.94
824.915
-7593.31
-1612.29
3254.8
-4744.1
4357.13
-2999.05
3436.69
8403.88
-1437.73
9263.28
-5442.37
-6299.33
-463.576
-2812.28
-6095.46
-699.179
-7208.78
4328.44
557.573
8752.4
-4691.61
6859.65
-5366.68
5777.46
-6295.66
1579.94
5783.56
-8724.94
5719.47
3953.06
-8425.86
-9320.05
-9353.01
-691.855
-3622.24
-207.221
4340.65
335.398
-8606.52
7213.05
4404.74
-6010.01
6426.89
1502.43
1219.21
-9058.81
-5947.75
1196.02
400.098
679.037
-3214.51
-4208.2
-7666.55
5415.51
-2117.07
-4161.81
-5596.18
-4104.43
6406.75
254.219
1544.54
2252.57
-2833.64
-1003.14
-9268.78
3019.2
-3829.77
-795.618
-4950.41
5437.48
-7788.02
-7054.35
-7049.47
176.092
5211.04
-5307.47
8336.13
3587.45
-8063.91
6642.96
7081.82
-9367.66
-256.661
23.4992
5634.02
-8409.38
8937.96
-9508.04
-2698.14
-4314.4
-5603.5
-4232.61
-8131.66
-5250.71
7078.77
-6389.05
-5851.92
-9948.73
6035.65
8281.81
-2885.53
-4582.96
1561.02
3596.61
-4778.89
-242.012
93.0814
-9281.59
-6451.92
2143.31
-8494.83
8790.86
-1612.9
2533.95
9398.17
6549.58
4902.19
1308.94
5029.15
3044.22
7481.61
-9299.29
5499.74
-4426.1
8415.48
-8726.16
-3176.67
-7014.68
-9488.51
-3436.08
2501.6
2438.73
9290.14
-989.105
-1766.72
7783.14
-9638.05
300.607
-6615.5
7651.91
7642.14
-750.45
-165.105
-8586.99
7994.32
352.489
-1161.23
1098.36
-2045.05
-3882.26
6512.96
-2574.85
-1849.12
6317.64
8588.21
-1943.11
1033.66
7279.58
5038.91
6206.55
-2438.12
-5662.1
-4778.89
-2283.7
8456.37
-9422.59
4149.6
4747.76
5643.79
4991.3
519.73
4187.44
-472.121
-6826.08
7126.38
8910.49
-2297.13
3683.89
-5717.64
-9979.25
-9265.11
3189.49
-3128.45
8190.86
-9357.28
3536.79
5659.05
2225.71
-2303.23
3845.64
-6513.57
-7014.07
1162.45
-9219.95
6974.4
-9221.17
9617.91
-9896.85
4352.24
4359.57
-3539.23
-7355.88
-9943.24
-353.099
-3757.13
7807.55
6704
6307.26
-2557.76
7746.51
-4930.88
296.945
7310.71
-4677.57
2710.96
521.561
-5583.97
-1016.57
-8165.84
7714.16
4503.62
7676.32
7055.57
3661.31
-4697.71
8924.53
-6337.78
-1081.88
5904.42
3199.26
7011.02
7111.12
6335.34
-2302.01
3682.06
-6022.22
2947.78
-7333.29
-4982.76
-748.619
5262.31
3385.42
-6334.12
-473.342
9873.04
-9061.25
-6237.68
-9776.6
7052.52
4909.51
-4639.12
-5220.19
5677.97
-8900.72
-6241.95
-805.994
2096.93
7426.68
4315.01
46.6933
8571.73
1098.97
3419.6
4120.91
6911.53
-9784.54
-3796.2
7750.18
2928.25
2894.07
-8357.49
-5980.71
7340.62
-2929.47
-4337.6
-4060.49
-1260.72
-5912.35
2882.47
3727.23
-5739.62
9191.26
-2388.07
4307.69
3567.31
-7929.01
4731.9
-8828.7
-8215.89
569.17
1084.93
-7294.23
6998.81
664.388
7997.38
-2868.43
-2040.16
-4114.2
-4442.58
2161.02
-2403.94
-744.957
-719.932
7509.08
-2021.85
-9102.76
-224.311
-1612.9
-7647.02
-5559.56
6053.35
-1911.98
9874.26
-4672.08
-6917.02
-2193.98
-1352.89
-5830.56
-5761.59
1805.17
2729.27
-1740.47
-749.84
-3939.02
8690.76
4380.32
-1713
-1487.78
7376.63
-3978.09
2801.9
-969.573
6487.32
8142.03
3754.69
7246.01
-397.656
2584.61
-2154.91
-3653.37
7281.41
7296.67
2380.14
986.663
-4150.82
2447.89
9397.56
-2590.72
9514.76
6599.02
-332.347
3931.7
1420.64
6030.15
7215.49
9901.73
-722.373
356.151
-5040.74
-8744.47
-8818.32
7562.79
-7878.35
806.604
7262.49
1570.79
-5984.37
-8621.78
2765.28
5477.77
-5163.43
-78.4326
-1784.42
-6422.62
-5904.42
-9271.22
2270.88
5300.15
7300.94
5875.73
-7106.23
4188.06
1530.5
1014.13
2473.53
5037.69
6507.46
-5357.52
2514.42
2328.87
1807
8980.07
-6478.77
3071.08
-9172.34
-9440.9
-4292.43
-2816.55
2139.65
8681.6
6143.07
8546.1
8842.74
-160.833
-2025.51
-168.157
6555.68
-3754.69
7346.72
-5738.4
666.829
6589.25
3633.84
7391.28
3465.99
7137.97
8626.67
-7935.73
-8220.16
-8675.5
280.465
9658.19
5749.38
-4072.08
6666.16
-9264.5
-646.687
-8015.08
5735.34
-1753.29
3326.82
-1445.66
-3462.94
-3616.75
-8923.31
7451.7
-2500.38
-1767.94
8241.52
-2908.11
-2591.94
-4666.59
-3508.71
3558.15
-5292.21
2287.36
-7764.82
7016.51
-9255.96
-481.887
-9188.21
1612.29
-7419.35
7329.02
-3170.57
6968.29
-8990.45
-5629.75
-8742.64
9406.72
9380.47
-6348.16
-4099.55
-8978.24
8875.09
9211.4
5882.44
-5263.53
5858.64
6575.82
-9241.31
3449.51
6915.19
-9859.62
-5102.39
1416.97
-2786.03
581.378
-2272.71
-4014.71
7815.48
-4568.93
4506.06
7795.34
-2453.99
5952.02
8218.33
7593.92
-4925.38
-6586.2
-6773.58
7767.88
-3195.59
-2084.11
1313.21
6733.3
6208.38
2873.32
-9277.32
-5703.6
-9757.07
8286.69
8841.52
-3877.38
-1550.65
-4064.76
9132.05
5424.67
376.904
-398.877
-7046.42
7.0192
6954.86
3459.88
6891.38
-7211.22
-8569.9
1762.44
-3792.54
-6077.76
-4493.85
2928.86
5068.82
-7358.32
-3707.08
-8819.54
4139.23
-3037.51
-285.958
8839.69
-3809.63
-640.584
-4028.14
-7587.82
343.333
6543.47
2720.11
5593.13
5565.66
1463.97
-8455.15
2301.4
-5946.53
-4331.49
3401.9
2886.75
5120.09
133.976
8614.46
-3379.31
218.207
-7302.16
-2925.81
-6396.37
-280.465
-9776.6
-5742.06
-788.293
-7922.3
3609.42
8693.2
-5795.77
6000.24
3777.89
6486.71
-6375.01
6247.44
-3234.05
-1440.78
7614.67
3697.32
-3956.11
-3808.4
-2738.43
288.4
-9818.11
519.73
8619.95
-528.886
-6005.74
1601.92
-1987.67
2792.75
1288.8
-7325.97
-8247.02
3237.71
7336.34
-4764.24
-6598.41
-4044.62
-801.721
572.832
1687.98
-3006.38
2028.57
3354.9
-7777.03
-9340.8
-527.665
-7075.11
6125.98
-3852.35
-3700.37
-2084.72
-1315.04
-5953.86
1384.01
9799.19
-8810.39
3348.19
-838.954
1023.29
-951.872
9600.21
7687.31
3326.82
-685.751
-5192.11
-8576.01
1886.35
-9233.99
9722.28
6879.18
-9095.43
9635
-863.979
9214.45
6268.2
-5870.85
811.487
-2032.84
900.601
878.017
8665.73
9988.4
-1560.41
6401.87
840.174
-2263.56
-9146.7
-3244.42
3279.21
1048.31
-4366.89
-1537.83
9435.41
-9489.12
-1822.87
-6148.56
6740.01
-9440.9
-5003.51
-6052.13
-9547.72
425.123
3366.5
-7985.78
-4481.64
1062.96
-6955.47
-9108.86
7059.24
6182.13
5694.45
7247.23
121.158
5494.86
-2386.24
5864.74
9307.84
-1673.94
-8578.45
7098.91
-1083.1
5696.89
-7687.92
615.558
-5784.17
-994.598
-5503.4
8553.42
4468.83
-6561.78
-6522.11
-8787.8
-1652.58
4236.27
9758.29
-1578.11
2356.94
-6072.88
-372.631
-317.087
2884.91
8671.83
-1361.43
-3766.29
2512.59
-8173.77
-6589.86
8154.24
-8789.64
-7134.92
7369.3
-374.462
3041.17
-228.584
-3935.36
-4506.06
-1012.3
-6964.02
-2319.1
-7768.49
6553.24
9382.92
-5634.63
-3547.78
-3268.84
-6663.11
-9992.68
-5923.34
8992.28
4784.39
82.0947
3300.58
4894.25
617.389
-807.825
-5535.14
961.028
-1380.96
1929.69
9973.14
1438.34
1690.42
2684.71
7369.91
1553.7
-9438.46
-9979.86
-1293.07
1918.09
3098.54
1249.12
9327.37
4678.18
8337.96
-7178.87
9183.93
-7944.88
-6622.82
-7833.19
-175.481
-2110.97
-8763.39
6602.68
-9832.15
-7181.31
7825.25
-5063.33
4190.5
-6285.29
-3870.05
-2606.59
-6348.77
-1998.05
-4236.27
9481.8
-1012.3
-6516.62
5983.15
-4565.26
-8509.48
4301.58
-9691.15
6848.05
-97.9645
3653.37
875.576
2131.11
-5452.74
-6106.45
630.818
-7588.43
-7866.76
4640.34
-8487.5
9506.21
-5667.59
9515.37
6724.75
1581.77
3286.54
-7855.16
-4756.92
-7848.45
7143.47
2040.16
-3327.43
8000.43
-1238.14
-9016.08
-5424.05
-8312.94
704.672
-9443.95
6411.63
4247.26
-354.93
1413.31
-1808.22
-6293.83
3311.56
-5052.95
1997.44
-4954.68
3099.15
-2040.16
4463.94
-2766.5
-4532.3
965.3
4372.39
2959.99
5254.98
749.229
7468.18
-3322.55
4027.53
-2184.82
-3371.99
6604.51
6599.63
-666.829
5504.62
-3717.46
-1164.89
8228.1
-6226.08
-8657.19
-130.314
9017.3
-7891.78
-2917.26
-8133.49
-8959.93
-4999.24
-7507.25
441.603
-310.373
9567.86
-3646.05
-1128.88
-3725.39
-1551.87
-8972.14
-779.748
-2850.73
4938.2
-430.006
3508.1
-7285.68
-1532.33
1783.81
-1967.53
-3065.58
8560.14
4851.53
3992.13
7983.95
5390.48
-5844.6
7514.57
-9349.96
-4928.43
-78.4326
2229.99
1124.61
7791.68
5306.86
7505.42
4795.37
6927.4
-8440.5
-4535.36
7676.32
-2741.48
5870.85
9935.3
-7907.65
411.695
7552.42
-9586.17
-2748.19
-4347.36
-1848.51
4218.57
-4683.07
-5843.99
-8852.5
-90.0297
3618.58
4877.77
6830.35
5142.67
3621.63
152.287
8008.97
2042.6
7274.09
-856.655
2164.07
3259.07
1366.92
-2729.88
5666.98
1797.85
-9475.69
-266.427
-4304.64
-2225.71
9451.28
7273.48
5472.88
-4800.26
5063.94
-7729.42
8449.05
-8060.85
-867.031
-6666.77
7051.91
-4049.5
-7949.16
6479.38
-8362.99
-9057.59
-1634.27
1046.48
5256.2
4571.37
-5311.14
-1544.54
-133.366
2298.96
-9378.64
1948.61
-381.176
42.4207
3302.41
-4570.76
-3165.69
-1261.33
6221.2
-469.07
-3694.88
-6055.79
-7086.7
3033.23
-6462.29
3602.71
6161.38
-2242.81
2568.13
7098.91
-6674.7
-4935.76
-1026.95
-1271.1
-1557.36
-7924.13
-6301.16
8708.46
-8305
5753.04
3340.25
-5156.1
6899.32
2940.46
-7517.62
-2003.54
7615.28
4526.81
-6253.55
4455.4
-7474.9
-8181.1
1149.02
8352
688.803
-6722.92
2409.44
-2759.18
7304.6
-282.296
5827.51
-6035.65
-9390.24
6124.76
7357.71
-2061.53
536.21
8187.81
-6500.75
-1031.22
9743.03
-8315.99
5637.68
6738.79
-2334.36
2847.68
1451.16
9083.22
8195.75
-2169.56
-985.443
2174.44
-8389.23
-603.351
-773.034
5751.82
-8597.98
-1035.49
-7823.42
6510.51
6592.3
-7871.03
3083.9
2783.59
-9800.41
5779.9
3436.08
-6364.64
-5543.08
4951.63
2942.29
5495.47
3406.78
-2475.36
7935.12
-546.587
3512.38
4898.53
1840.57
-7650.69
-7101.35
-3227.94
-6653.34
-5228.13
-149.846
-1853.39
7888.73
-903.043
-8809.17
6682.64
8079.78
693.686
1176.49
8532.06
-1282.08
5416.12
1512.8
-9228.49
1979.74
6509.29
3138.83
-1435.29
-1560.41
4054.99
-9613.64
-4827.11
-465.407
-9917.6
-1845.45
-7054.96
7095.25
-7531.05
-7293.01
-6593.52
5576.04
749.229
6740.01
4578.08
2605.98
6967.68
9318.83
-6357.31
3482.47
4698.94
1336.41
3091.83
-4766.08
-652.791
-2906.89
8469.19
5883.66
-7128.82
2641.38
5848.26
-5472.27
-3962.22
-8491.78
7154.45
-2137.21
-8654.13
8433.18
-8535.11
8780.48
-259.713
1727.04
-9584.95
-7340.62
-5768.3
-5098.73
-4174.63
-3021.03
-6432.39
-1827.75
7682.42
-126.042
-943.327
-9525.13
-9403.06
-6738.18
7688.53
-7390.06
-3135.17
6168.1
4662.31
2149.42
4248.48
3867.61
8461.87
-9277.93
6617.33
8471.63
-8411.82
-5686.51
5560.78
-3410.44
-9915.77
-2810.45
1103.24
-318.918
4971.16
82.7051
9646.6
2731.71
8726.16
-6735.13
7263.1
6868.8
-74.16
5121.31
6465.35
-8443.56
-826.746
6857.2
4578.08
1979.13
9443.95
3971.98
-8163.4
-2756.13
-6031.98
-4896.69
-2663.35
5037.08
-5220.8
8888.52
959.807
-1659.9
5050.51
-549.028
9401.84
-151.067
-1657.46
-8844.57
4426.1
9711.29
7897.27
-6765.65
1471.3
2206.18
-912.198
-5073.09
6734.52
6998.81
8163.4
1753.9
-9149.75
586.871
-9594.71
3544.72
7309.49
3570.36
-9176.61
-5148.17
-6287.73
9362.16
514.237
-1629.38
4015.32
-25.9408
-8189.03
-8006.53
9865.72
-5504.62
-4652.55
-9882.81
-827.967
5892.21
-7840.51
-156.56
-9980.47
-8250.07
3949.4
2671.9
8070.01
-5408.19
-5356.3
2343.52
5551.62
-2613.3
6360.97
9426.25
9987.79
9880.98
2919.1
3292.64
768.151
-8627.89
4011.66
2103.64
1703.85
5559.56
3163.85
1423.08
7676.32
-6920.68
-7388.23
-7910.09
-6481.83
-2627.34
8217.72
-2021.24
3245.64
9490.34
-2456.43
4259.47
7762.38
7466.96
4224.68
-3204.75
9173.56
-4100.16
-8253.12
3301.19
-182.806
1337.63
-227.973
-3124.18
-5846.43
9121.07
-3883.48
-7448.04
1628.77
-2712.18
-2468.64
-2529.07
-1360.82
-6817.53
2387.46
5320.9
7724.54
8377.64
8400.83
-4346.14
2109.74
-2460.1
-1472.52
8717
3726.61
-3121.74
8142.03
-3596.61
-7165.44
7771.54
-3370.77
-20.4475
-2630.39
1227.15
-3476.36
-4822.84
143.132
8782.92
3299.97
-4693.44
-7983.34
-4523.15
-1037.32
-7006.74
9185.16
514.237
-7451.7
-8819.54
2673.12
1254.01
-9337.75
4006.77
-1800.9
6140.02
1183.2
-1802.73
-5497.91
-7794.12
3254.8
-4413.28
-1721.55
-7228.92
6695.46
7396.16
3842.59
-9041.11
-6059.45
896.939
-4363.84
4661.09
7654.96
9083.83
1721.55
-1430.4
-2870.27
3973.2
-3630.79
8907.44
6597.8
4167.91
-125.431
-3523.97
-1417.58
-2700.58
-6273.69
-6346.93
-4582.35
7980.9
-744.957
954.924
-7950.38
-8111.51
-2126.83
-1204.57
3258.46
6609.39
1055.64
-9929.2
-1585.44
-140.08
8157.29
-817.591
6901.76
5723.75
220.038
3132.72
7330.24
9515.37
7872.86
318.308
3659.47
-8096.26
1460.92
-7357.1
1364.48
-7079.99
1528.67
6570.33
6763.82
6469.01
-2225.71
8755.46
2637.1
5979.49
-5388.04
1864.99
3257.24
-8195.14
-8544.88
-3776.67
1962.03
1016.57
-4144.72
2897.73
-5614.49
-9807.73
-2385.63
3858.46
-9512.92
-8148.14
2001.1
4832
-1514.02
-4863.73
-9808.34
6477.55
-6162.6
-8619.34
5066.99
-495.926
-3622.24
-4808.8
-9524.52
-638.752
8751.79
1651.36
2112.8
6124.76
-744.957
-9708.24
-1886.35
5203.1
2224.49
-3558.76
7506.03
-5515.61
-923.795
581.378
4633.01
-6435.44
-6851.1
-3660.7
7684.87
655.843
1452.38
7736.75
9451.89
-7170.93
-3544.11
-3680.23
-1571.4
-4805.75
1042.82
8800.62
-1601.31
-5347.15
9753.41
5824.46
4618.98
3845.64
-558.794
2505.26
4727.01
-9080.78
2468.64
1335.18
2507.1
744.957
5567.49
8105.41
-7372.97
3193.15
7488.33
-8541.21
4479.81
-5878.17
-1439.56
-3297.52
3248.7
4670.86
-4701.38
-5500.35
6325.57
4505.45
-6834.62
-4925.99
3209.02
-5364.85
-9371.93
8541.83
-3002.11
-4577.47
7628.1
2004.15
-4384.59
5410.63
-8414.26
-5977.05
-9116.79
-3395.79
-5920.29
-2894.68
-6424.45
1812.49
-8698.08
8817.1
2566.91
-310.373
-8564.41
2155.52
-3784.6
-6898.71
2070.07
-4191.72
4094.67
6426.89
779.137
-5082.86
7196.57
-2561.42
1987.06
2973.42
4744.1
9376.81
3254.19
-4527.42
-4273.51
-1163.06
4093.45
-4044.62
-6714.38
5115.82
458.083
5048.07
80.2636
-3386.64
8014.47
3145.54
2751.24
-58.9008
-2670.67
-2657.25
-6387.22
7344.89
-5900.75
-6741.84
-2302.01
8072.45
7539.6
2357.55
-6724.75
-682.699
64.394
5412.46
3974.43
2352.67
1383.4
2721.95
-9369.49
-515.458
132.755
-8293.41
986.663
-2544.94
-3828.55
2523.58
5369.12
-7085.48
6672.26
-7700.12
-3536.18
5585.19
9117.4
8637.04
1323.59
-5251.32
-5660.27
2986.85
3722.34
4681.23
-7271.03
4547.56
4987.03
-5348.37
6721.09
-4721.52
1432.84
-878.018
-7295.45
-3315.23
6525.16
-6235.85
5469.83
8978.85
-4112.98
-7075.11
8315.38
-6752.22
3293.86
-5842.16
1948.61
-2737.21
5760.37
-4546.34
-4700.16
-4466.38
5856.81
788.293
-8629.11
4257.64
9379.25
-381.787
-8743.86
1766.11
6495.25
-4053.77
9442.73
-4885.1
-5512.56
-7420.58
3530.69
3422.04
-9770.5
6212.65
-8503.98
-1405.38
-9489.73
-1048.31
-391.553
-5937.99
8333.08
1910.76
-5858.64
2140.26
3321.33
-3494.67
3.96735
-9343.24
-5654.77
9061.25
-602.13
-542.924
-7494.43
4372.39
-6348.16
7416.91
2590.72
-6169.32
1338.24
-9409.77
-8868.98
3746.15
-4199.65
2117.68
9192.48
-509.354
-4770.35
-5494.25
8006.53
-8913.54
8396.56
-5068.82
-4411.45
-4134.34
9174.17
-5836.67
-7548.14
3823.05
2980.13
-247.505
-5451.52
1290.63
-1752.07
-5901.36
1564.68
-1442.61
6074.71
8027.89
-1311.99
-2939.85
1144.14
-9500.11
9982.3
1767.33
7077.55
5081.03
-8517.41
-5615.71
-689.413
-6212.65
2149.42
-6993.32
8648.64
-1053.19
788.293
-6160.16
-1405.99
3688.77
7084.26
614.948
-395.825
1692.86
-5148.78
-2673.73
-6623.43
-3180.33
-4358.35
9913.94
-9694.81
3251.75
827.967
-7485.27
-6779.69
6761.99
284.127
3913.39
-9451.28
-2252.57
5798.82
9805.29
-7993.71
-3361
-2660.91
-3485.52
9959.72
2324.59
284.738
-8223.82
-426.344
4198.43
-8228.1
-1786.25
877.407
8475.29
4261.3
-4858.85
-4137.39
-616.169
4449.9
-5695.67
3751.64
5867.79
-4324.78
5199.44
7553.64
-5579.7
1904.05
-4420.61
-4969.94
-1324.2
1460.92
2789.09
7208.78
6387.22
8599.81
1536
-2450.94
-5594.96
-8945.28
3741.26
-5088.35
-7702.57
1697.74
-3921.93
-6574.6
5221.41
-7588.43
-9166.23
2409.44
-3322.55
8325.75
-4280.83
-553.911
1779.53
-9480.58
-1756.95
-248.116
-8356.27
5336.77
-9713.74
4958.95
-448.927
8415.48
8496.66
4432.81
9480.58
1579.94
-3877.38
-7737.36
-2345.96
-9298.07
1927.85
-6970.12
7719.05
2666.4
1790.52
-499.588
-9822.38
9562.97
-1371.2
-4653.16
6714.38
-1769.77
6273.08
6046.02
-9986.57
-6724.14
-7098.3
-8947.72
-273.141
-8301.95
9680.78
398.266
5182.96
-2766.5
215.155
8821.99
-4505.45
-7444.38
-3547.78
-9431.13
7663.5
-2546.77
-3346.35
7977.84
-6682.64
-8892.18
-8941.62
-3023.47
-5282.45
6597.8
-9126.56
2629.17
-9368.88
-4249.09
6204.11
7833.19
2725.61
-7515.18
8555.25
8315.38
3087.56
-7266.15
3531.3
-2963.04
-6494.64
-888.394
9354.84
-8858.61
-2869.66
8425.86
6826.07
4564.04
-6852.93
-9838.86
-3639.94
-574.053
-4923.55
-5920.9
7715.99
-644.246
3338.42
-4975.43
-1957.76
-2165.29
-7308.27
-6899.93
3876.77
4714.8
5192.72
-2688.38
2707.3
4024.48
9271.22
-9189.43
9735.1
6188.85
-4421.22
5871.46
5452.13
7784.36
-9787.59
6713.77
-329.905
1965.7
-4052.55
8304.39
7615.89
-7325.97
2101.2
9260.23
3720.51
-4235.66
-6339.61
6978.06
8733.48
168.157
283.517
-6885.28
-4219.79
-7777.03
-4182.56
-2454.6
-9011.2
-3708.3
8945.28
-1078.22
-5688.96
-5208.59
-4413.28
9959.11
-3832.21
765.709
-6309.09
-4430.37
-4462.72
6120.49
-8970.31
-8016.91
-4888.15
-1355.33
6624.04
4956.51
-845.058
-9047.21
-3568.53
-4783.17
9671.01
-5541.86
3918.27
9256.57
6530.05
1515.85
6129.64
3602.1
7155.06
8852.5
-4095.89
686.361
-8594.32
5409.41
-9160.74
4445.02
7289.35
-2272.1
9642.32
-6232.19
3104.04
-4003.72
6484.88
1927.24
1667.23
-6114.99
4000.06
98.5747
2227.55
5297.1
-4475.54
-6876.13
5702.99
-8840.91
-2765.89
5612.05
8864.1
-625.324
781.579
6521.5
3084.51
-8934.29
7067.78
-9654.53
3289.59
-3769.95
-8228.71
3025.91
2726.22
-8062.69
3264.56
-9291.97
-828.578
6190.07
3528.86
-512.406
8223.21
568.56
-7288.74
4242.99
9271.22
-5201.88
7935.73
-5290.38
-196.234
6350.6
-3005.16
-3107.09
3647.27
8207.34
-2447.89
-2032.23
8782.92
-2082.28
2479.02
-7230.14
357.982
1067.84
1942.5
23.4992
4515.21
2286.14
2884.3
6415.3
8667.56
6920.07
-3498.34
6642.96
-6153.45
6492.2
-5635.85
-2430.19
4744.1
-8917.81
3787.04
-5393.54
-6929.23
1735.59
3086.34
8437.45
-132.145
6046.02
7344.89
-9768.67
-7620.17
-9981.08
5306.86
3450.73
1131.32
9360.94
-1963.87
-9616.08
-7183.14
-6709.49
-48.5245
-8463.09
4642.78
4030.58
-7130.04
5994.75
-4268.62
5079.81
-6309.09
-9115.57
1229.59
1399.88
6326.18
8073.67
4730.06
4644.61
-1477.4
-3793.76
-5358.75
6547.14
-5813.47
-3771.78
130.924
-6394.54
1846.06
8507.64
-7744.68
6172.98
9863.89
9678.95
5919.06
-4908.29
9041.11
7349.77
8274.48
-1007.42
-6775.41
771.203
9193.7
-4620.81
-1452.99
5618.76
-565.508
8627.89
-8075.5
-9005.71
-7872.86
8030.34
9441.51
6787.01
-6793.12
-1006.81
-4767.3
9498.28
-3584.4
536.21
1514.63
4682.45
8500.32
-7808.77
357.982
-5896.48
231.025
3456.83
7853.33
5751.21
8864.71
8900.72
-8719.44
-5175.63
7676.32
2062.75
-85.7571
-6173.59
8193.3
-8734.09
-9920.04
-121.159
-9262.06
-9528.18
5104.22
-2609.03
8928.19
8292.79
760.216
4205.15
3738.82
8297.07
-3143.1
-656.453
-7238.69
3731.5
5579.7
480.666
-9710.68
-222.48
-2786.03
9266.95
3838.92
6473.89
-6119.88
-7367.47
2746.97
-4571.98
-8101.14
-1810.05
4462.72
3441.57
3414.11
-8140.81
-5839.72
-3824.88
-2100.59
-4144.72
3294.47
-5024.26
-5827.51
-4860.07
2729.88
-2.13636
3542.28
-9515.37
-3939.63
-7270.42
-5287.33
6255.38
8756.68
-8930.63
1072.73
-8954.44
-1249.12
57.0696
987.884
-701.621
4097.72
-8601.64
-8267.16
-7986.39
-6673.48
-5095.68
7674.49
4695.88
-5882.44
-5032.81
3340.25
641.804
5920.9
-4798.43
-8002.26
-2282.48
-7856.38
4374.83
363.475
6724.75
-2458.88
6751.61
-9932.86
9498.89
6417.13
9976.2
6505.02
-5137.79
7275.92
-6379.89
5695.06
548.418
-454.421
-8478.35
-227.973
-770.592
7992.49
-8968.47
-8268.38
-3229.16
459.303
2303.84
63.7836
838.343
-5455.18
751.671
3890.8
7978.45
8861.66
-4211.86
9241.31
7305.22
4475.54
8984.34
7077.55
8908.05
-7817.93
-5238.5
3710.14
-4884.49
-8784.14
6758.93
-5782.95
2735.98
-4966.89
2971.59
-501.419
-5608.39
9793.69
-7177.04
-2415.54
7094.64
1158.18
-737.022
9832.76
-3844.42
-4967.5
-967.742
-7372.36
2587.05
7886.9
-5777.46
-4782.56
2095.1
-7742.24
-1759.39
-5697.5
3804.13
-6910.92
9320.05
6014.89
-3169.35
498.367
-5309.31
5895.87
-7162.39
-5371.56
-1456.04
-2482.07
2682.27
8188.42
-3094.88
353.709
-4700.77
2313
-7451.7
-2464.98
-3069.25
1373.03
-6923.12
-5886.72
-1166.72
2349.62
5289.77
6462.9
-8413.04
4410.23
8961.15
-6572.16
-5867.18
-5701.77
3166.3
9868.16
-4343.09
-6826.08
8262.28
-6804.1
-1542.71
523.392
-3336.59
3562.43
-93.6919
758.995
-4471.27
8287.91
1645.25
8147.53
-5509.51
-8817.1
4126.41
-4321.12
1542.71
-2624.29
-5367.29
3505.66
223.09
-5729.85
6900.54
-7423.63
-8792.69
-737.022
466.628
-904.263
-8557.7
-5154.88
-2131.72
-4579.3
-6057.62
1708.73
7821.59
-6965.24
1376.69
-9512.92
-7506.03
-6786.4
-3429.36
2757.35
7015.9
1010.47
3043
1915.04
9329.2
8191.47
-1288.8
4568.32
8525.35
733.97
-4115.42
-6940.82
9777.21
-3472.09
-9331.03
-257.881
4000.67
8892.79
-5084.69
3647.27
364.696
1539.66
-6174.2
-9850.46
9783.32
-9393.9
2357.55
-5724.36
-2497.94
-614.338
3530.69
-1739.86
-7081.21
1375.47
1784.42
3992.74
-5250.1
-2726.83
-5510.12
-9031.34
-325.022
1539.66
-5241.55
373.241
-7414.47
4160.59
8659.63
-4075.14
6556.9
3225.5
-24.1097
2098.76
-9329.81
-6042.97
5633.41
-9639.88
-6180.3
9804.68
-5096.9
-5967.28
2610.25
1233.25
-4464.55
2418.59
1489
7841.73
-80.8741
-5195.17
-6773.58
9415.27
-5588.85
4980.93
7874.08
-8447.22
4956.51
-3118.08
-1680.04
-8507.03
2116.46
1995.61
-9419.54
-245.064
-1358.38
-850.551
6934.72
3226.11
2707.91
7306.44
-9966.43
5321.51
-63.7837
-8008.97
6124.76
8839.08
7335.73
-4020.81
-4514.6
-2868.43
-7723.93
-5135.96
8221.99
-770.592
-367.748
8132.88
-6464.74
-5472.27
212.714
6378.67
597.247
2673.12
3603.93
5264.14
-855.434
-5732.29
8554.64
6875.52
-2068.85
8022.4
-5979.49
-921.964
9152.81
9974.97
4005.55
-6494.03
-3024.69
410.474
9307.84
-7185.58
-1709.34
4094.67
-690.024
7807.55
-6179.69
9457.99
6935.33
-4922.33
-2300.18
-7654.35
-112.003
-4217.96
3661.31
9970.7
1310.16
6165.04
-4055.6
674.764
-7020.78
477.004
3060.7
-4852.75
4165.47
-3108.92
2529.68
-5292.83
-716.88
7059.85
-5281.23
2281.26
7452.31
-79.043
-6085.09
1703.85
7099.52
397.656
-5263.53
-9038.06
8727.38
-6405.53
2032.84
5010.22
8967.86
-4863.73
2379.53
-6219.98
-951.262
-1742.3
5301.37
-8988.62
809.046
-1721.55
-7653.13
-470.901
-6637.47
5087.13
2140.87
8586.38
3567.31
4257.64
9536.12
8909.88
3394.57
-2579.12
6991.49
1058.69
7348.55
2522.97
6306.04
2733.54
-6959.14
4586.63
8824.43
-9348.74
-1938.23
-2388.68
2245.86
2623.07
-3741.26
8227.48
-7838.68
-4560.38
6559.95
1730.09
6439.71
4218.57
-2543.11
1131.32
590.533
-1196.02
280.465
-167.547
2231.21
2878.81
-5613.27
-1438.34
2778.1
-8618.12
-2613.91
7195.35
-5510.12
-8115.18
3533.13
2081.06
988.494
5524.77
3406.17
-500.198
-622.272
-6855.98
8002.87
-4117.86
2096.32
2245.86
-9627.06
-4592.12
-3387.25
392.163
7918.03
-4385.2
-8895.23
-9322.49
-1529.28
-8360.55
4236.27
-5104.83
-6695.46
9715.57
7159.95
23.4992
167.547
-9447
-4123.36
-6343.88
-514.237
-6767.48
2065.8
4009.83
6860.87
221.87
519.12
-9885.25
4969.94
-5842.16
1302.22
-2159.79
-1983.4
7011.63
4766.08
7352.21
-8160.34
-7746.51
7537.16
7650.07
-7189.25
661.336
-2394.18
3793.76
8649.25
-9621.57
6645.41
-7545.09
4270.46
-8141.42
-2322.15
-8588.21
-4192.94
-1681.26
-3777.89
-1389.51
-4089.18
2320.32
3038.12
6430.56
-6527.6
9114.35
-3400.07
6759.54
880.459
7366.25
3423.87
-7474.9
-8057.19
7888.12
4364.45
-8712.73
3599.66
-8996.55
-4978.48
-3469.04
4545.73
-6826.69
8367.87
-7723.32
3899.96
-6500.14
-2270.27
-3359.17
3028.35
-9257.18
8246.41
-41.2
3667.41
-8536.33
-5073.09
3110.75
-4549.39
-65.0045
-4563.43
-8335.52
-4017.76
-9578.23
-4264.96
-8536.94
6572.16
-7515.79
-3310.34
1283.91
-3241.98
9898.68
-211.493
8191.47
745.567
3847.47
86.3673
1212.5
-1116.06
989.715
4495.07
8957.49
7307.66
-2966.7
3554.49
-3192.54
8865.32
-3552.05
-5195.78
9302.35
8466.75
-1069.67
5883.66
-6658.22
5963.01
-6745.51
-4524.98
7843.56
9696.65
9133.27
240.181
-4544.51
3835.26
7701.35
5837.89
1980.96
-7375.41
1272.32
-9815.67
-890.835
-5322.12
2965.48
-2940.46
-3899.35
-9573.96
-3155.92
8185.98
-3962.22
-4134.95
9190.65
-8086.49
2274.54
5709.71
-8466.14
-3364.06
-9298.07
-910.367
-3935.97
7043.37
-6533.71
-9089.33
-5950.19
-8631.55
9746.09
2004.15
-2105.47
-2275.77
9235.21
-8815.27
-2554.7
7672.05
3942.08
2360
-8811
5136.57
-6064.94
9791.86
2952.67
8805.51
2654.19
-5348.37
4736.17
6123.54
7423.63
-4007.39
-3693.66
-2984.41
782.189
9254.13
2175.05
5463.12
8259.83
-4564.65
-3424.48
7052.52
-1779.53
-5938.6
-2916.04
-9370.71
9409.77
3050.94
-2511.37
2181.16
-8190.86
-1365.09
550.249
9061.86
6450.09
-1563.46
1262.55
-7296.67
-213.935
836.512
1252.78
7926.57
-1730.09
3754.08
4932.71
-3030.18
-1257.67
-4028.75
-1961.42
-3615.53
274.361
4115.42
-823.084
4894.25
-6926.79
8431.35
5001.68
-9641.1
-9911.5
-9526.35
-351.268
3971.98
-3066.19
5831.78
9060.03
-202.338
5759.15
5018.16
-9197.97
7795.95
8689.54
-4346.75
35.0962
-1560.41
-3541.67
9058.2
2220.22
7068.39
-2131.11
4385.2
-6771.14
-3918.27
5688.34
-6581.32
-2556.54
3121.13
4622.03
-838.954
4503.01
-6657
6980.5
-8669.39
-4701.38
3928.04
-8334.91
-8096.26
-2143.93
-1068.45
-7897.89
-6182.13
3725.39
2621.23
8743.25
5964.23
5501.57
9408.55
-8239.08
7592.7
6105.84
-1491.44
9573.96
5261.09
447.096
-8545.49
8802.45
-4557.94
91.8606
586.26
1307.11
5923.95
1570.79
6638.08
3917.05
-878.628
8934.9
-6442.76
6476.94
-9569.08
-8798.18
-1325.42
-6156.5
4744.1
5309.92
6345.71
-2547.99
4253.36
5197
3199.26
2071.9
-9329.2
7648.24
3110.75
3392.13
-5009.61
-4482.86
27.1614
2043.21
-2096.32
8962.98
-3232.83
9697.87
-5983.76
5310.53
7923.52
-7142.86
2972.81
-1821.04
4994.96
9967.65
617.389
-3515.43
1864.38
7473.07
-6672.26
-6041.75
8758.51
-9553.21
8630.94
9789.42
-7194.74
-6588.03
5232.4
-8969.08
-6677.75
6985.38
-4409.62
-2609.03
9949.34
5963.62
4149.6
-978.118
-8234.2
-5515
-5637.07
7954.65
5505.84
-6116.21
7634.82
-6221.2
-9002.04
8860.44
7291.79
4217.96
1962.03
-2396.62
-9273.05
1200.29
274.972
1481.67
2833.03
-6927.4
1846.67
-72.9393
-6160.77
-6434.83
2214.12
6139.41
-5297.71
8142.64
-5.18821
9239.48
-6852.32
-1639.76
6310.31
-1512.19
3511.15
4858.24
-1684.93
-4795.37
-6516.01
-393.994
4952.24
8004.09
907.926
8038.27
3055.21
-3025.3
3724.17
-8311.72
-8065.13
2437.51
-3780.33
-8033.39
4564.04
3887.14
-5319.07
5685.29
3481.86
4766.08
5593.13
-7028.11
-436.72
8672.44
-505.081
8193.3
1752.68
2647.48
3633.23
-5496.69
-4092.23
-6846.83
-3478.8
-7341.84
864.589
-9628.28
-2454.6
4708.7
-144.963
6451.31
-5274.51
3201.7
-4595.78
3317.67
3776.67
6515.4
5826.9
-4311.96
1571.4
-9050.26
-8552.2
4900.97
7153.84
205.39
8679.77
9190.04
-6590.47
2862.33
71.1081
6031.37
2527.24
-1503.65
-1535.39
-7813.65
8373.36
3057.04
-6630.15
-2936.19
-1091.65
-5883.05
-2300.79
-4977.87
1764.89
6642.96
2972.81
-7747.12
6113.77
-113.834
1128.27
-6149.78
3947.57
6044.8
1057.47
6705.22
3901.18
1292.46
-2007.81
3842.59
737.022
9832.76
3868.22
5831.78
-6384.17
1569.57
-3209.63
4889.37
-3710.14
-5950.8
-2273.32
7302.77
-7674.49
-723.594
-7451.09
-198.065
-1502.43
6039.92
7554.86
-4501.79
9466.54
-1625.11
-3413.5
5019.99
6873.68
777.917
7883.24
8465.53
5977.66
-9191.87
8776.82
-6191.29
2945.95
9694.81
-3630.18
-2633.44
-4052.55
-8422.19
-7683.65
-8032.78
3147.98
2007.81
9819.33
-1563.46
-9248.02
6323.74
-9008.15
6029.54
-5792.72
-1453.6
2690.82
-2566.3
5695.06
-8601.03
8944.67
3965.88
-8961.76
-1915.04
8119.45
6592.3
9148.53
6453.14
-7069
8389.23
-2867.82
-3834.65
1431.01
-5922.12
-5805.54
-495.926
-2902.01
2255.62
7448.04
-3571.58
6155.89
5940.43
-7234.41
4521.93
-9760.12
7069.61
-6199.84
-5558.34
2545.55
563.066
-7715.38
-8496.66
5569.93
-6415.3
-7245.4
-5974.61
-1410.87
-4377.88
-5193.95
9052.09
-7018.95
5010.83
-3984.8
-3914.61
3527.63
7534.1
-1344.95
-545.976
-6183.97
-7289.35
3315.84
-65.0045
3870.05
3411.66
2571.79
6259.04
-1870.48
4410.84
-2190.31
-2872.71
1909.54
5517.44
-7653.74
-5643.18
4456.62
4897.92
3962.22
-2215.95
-3262.12
8215.89
9967.04
2555.31
2075.56
9225.44
7940
9420.15
7762.99
7426.07
5251.93
8659.63
-4224.07
8417.31
502.64
8273.26
721.152
2574.24
9998.17
7047.64
-6877.35
7667.78
2391.74
3133.34
-3802.91
-8948.94
-5384.38
-1247.29
-5777.46
-2951.45
-7777.64
-8330.03
636.921
-4840.54
7272.87
-5961.79
3989.07
-5290.38
-3124.18
9260.23
-136.418
1571.4
-4466.99
7476.12
6909.09
2580.95
4384.59
-9685.05
-4907.68
-6722.92
-9500.72
5525.38
4306.47
-5420.39
-670.492
2112.19
1449.32
-5955.69
-6548.36
6611.22
-5889.16
-2690.82
726.035
-8882.41
8983.12
5365.46
4989.47
-6298.72
-6879.18
3265.18
2417.37
1821.65
6182.74
-4087.34
-3329.26
-613.727
1769.77
-3462.94
-4037.9
8059.02
5993.53
3494.06
5154.88
3455
-8607.75
-8989.23
-3970.15
-3158.36
-5669.42
9501.94
8840.91
2974.64
-6010.01
1075.17
8285.47
4687.95
1097.14
5867.79
7009.8
-5131.08
-5504.62
4819.18
-215.766
6445.81
-6301.77
-5482.04
1463.97
-9004.49
5540.02
-257.881
-8137.76
-3374.43
-6943.27
-677.206
668.66
5723.75
4717.86
-9049.65
-4475.54
3226.11
-7869.2
-9447.62
6393.32
-3987.24
-5647.45
-8134.71
9338.97
-5936.77
-3074.74
1828.97
2849.51
-6008.18
3762.63
-2576.68
-178.533
-4402.91
-9988.4
-420.85
8334.3
-7963.81
-5975.22
9780.27
4335.15
4262.52
-3457.44
4988.25
9370.1
344.554
5244.61
-3486.74
-3528.24
-9707.02
-7235.02
8453.32
-2656.64
-2980.13
6317.64
1327.25
-6050.29
-5945.31
-2960.6
-3465.38
7650.07
-9354.84
7195.96
7254.55
8999.6
-5131.69
3352.46
-8586.99
1330.3
-4636.07
-6345.1
-7642.14
1256.45
-7658.62
-2665.79
2837.92
9212.62
-1544.54
4559.77
-2062.14
-6846.83
196.844
-5226.29
-7418.13
-1446.88
414.746
-8373.36
9230.32
7806.94
-7404.1
2635.27
-8603.47
2178.72
7529.83
1695.3
8613.85
9411.6
2974.03
2571.18
8463.7
-9876.09
-3038.73
1486.56
1309.55
6128.42
-4639.12
-3060.09
-6654.56
3775.44
-5681.02
4874.72
-6411.63
-4523.76
8215.28
-2678
-9555.65
-7493.21
3740.65
2649.92
3470.26
-7776.42
-9252.3
-4465.77
5950.8
-7173.38
-9530.62
-5215.31
3928.04
-1221.66
-8245.19
-2854.4
7296.67
-9985.35
-4066.59
5199.44
-1407.21
-1924.8
940.886
-2505.87
-4889.98
2262.95
5323.34
-973.235
9954.83
8973.36
2750.63
199.286
7670.83
7314.98
7667.78
2379.53
66.8355
4139.23
2693.87
-1816.77
-2142.7
-8389.23
8416.09
4614.7
3749.81
-9556.26
6177.86
-2820.83
2604.75
1924.8
-5486.92
3099.76
-5709.71
-8150.58
9830.32
1755.12
4855.8
-495.926
-8020.57
-9522.69
1650.75
-5199.44
5332.5
3821.22
8015.69
-3287.15
-4011.66
4433.42
3167.52
-3883.48
-4256.42
-6347.54
2903.23
-3827.33
-6557.51
-41.2
6755.27
-6620.99
4332.1
-6600.85
7205.73
-7598.8
-1944.33
4117.86
6610.61
-2173.22
-4100.16
-6893.22
-2569.96
-4047.06
-2073.12
-6685.69
-8584.55
9741.81
-9386.58
9227.88
-6641.13
61.3421
-4377.27
-6945.1
5040.74
-3656.42
-9667.96
5638.9
-5000.46
9779.05
751.06
216.376
-254.219
-7822.2
-2565.08
-2842.19
-7958.31
-6382.34
-4957.12
7809.99
1886.35
2007.2
6147.34
-4441.97
5807.98
-2311.17
9927.98
-7751.4
-9885.86
6203.5
6373.18
-1916.87
3705.25
2345.35
-3386.03
3112.58
6083.25
8634.6
19.2266
-1536.61
6182.74
1321.15
8666.34
-4588.46
-2351.45
7059.85
9826.65
433.058
6180.91
3371.38
-2919.1
4356.52
-5424.67
6017.94
694.296
-6257.21
1086.76
-3584.4
-2130.5
2618.18
-3265.18
-7783.14
-6486.71
-7322.31
-2815.33
-5825.07
-7867.98
99.1851
-5185.4
-7573.17
-8511.31
-2927.03
6613.67
5315.41
-1362.04
6194.95
3516.04
-6130.25
-1027.56
-4173.41
-3185.22
5085.91
-1097.75
-5437.48
7261.27
7109.29
-7211.83
-7080.6
-7509.69
9462.87
-5234.84
-9616.08
-1607.41
-8559.53
6063.11
-4072.7
-9948.12
-8214.06
-1529.89
132.755
7881.4
2786.03
4550.61
7038.48
4577.47
1903.44
-4758.75
3840.14
8524.74
4078.19
-4535.97
-3433.03
9261.45
7809.38
-1637.93
9860.23
-9349.35
-1843.01
8801.84
-1027.56
7368.08
-215.766
-3248.08
-7866.76
-9673.45
3157.14
-8825.04
-8628.5
-3312.17
-2961.21
-4952.24
9957.27
-9946.9
-9602.04
-7861.26
-5444.2
6486.71
-3147.37
6177.86
-9753.41
-8025.45
4778.89
3017.36
-3493.45
6962.19
6213.26
-3557.54
-7697.07
3578.91
7662.89
8231.15
-1589.71
-8807.34
-4041.57
3093.66
-4922.33
-4099.55
2272.1
9129
3175.45
9595.93
-2581.56
4408.4
6940.21
-5773.8
1578.72
314.035
6447.04
-3122.96
1553.7
2270.88
-2061.53
1294.9
-1308.33
-1528.06
-9877.93
-8515.58
596.026
-2750.02
-5426.5
-6998.2
-248.116
3697.93
-1633.66
7564.01
-7809.99
-3823.66
-2945.34
6604.51
-680.868
-6673.48
-3871.27
-593.585
6035.65
-7780.08
-925.626
1420.64
-1735.59
8260.45
-9842.52
-1590.93
-6976.23
-2528.46
-9934.08
-7964.42
4161.81
-8205.51
-7483.44
2522.35
-3119.3
8016.3
-23.4993
-5995.97
-5824.46
950.651
6600.24
-1796.01
8309.27
1514.02
6526.38
2052.37
454.421
-9702.75
-4353.47
-5124.97
1625.72
7278.97
4978.48
782.189
-1979.74
8287.3
-6240.12
-8130.44
-6096.07
8855.56
403.149
7874.69
-4841.76
6076.54
-581.378
-2108.52
6615.5
-903.653
2443.01
9793.08
6310.31
-1139.87
-8505.81
2963.04
9768.67
7743.46
2578.51
9982.91
7461.47
-305.49
7769.71
2881.25
8548.54
1501.82
-6104.62
9581.29
-5966.67
5828.73
5949.58
-3829.77
-7538.38
-3378.7
-6650.9
613.117
1276.59
-2467.42
7178.87
-6465.35
6973.17
3973.81
6528.21
-8299.51
7156.29
9424.42
2059.08
-186.468
7647.02
6628.31
-5076.14
6260.87
-2253.79
-5704.83
-837.733
8429.52
-3210.24
9934.69
5694.45
-6787.62
-4881.44
-554.521
-3952.45
8345.9
2587.66
4096.5
3928.65
-9822.38
7736.75
-4495.68
-7224.65
3520.31
750.45
-746.788
7413.25
-813.929
3339.64
-2236.09
7927.18
4854.58
-1350.44
-6945.1
3899.96
-5124.97
4341.26
3.96735
-2885.53
-5350.81
1959.59
-9255.96
-9133.27
5198.22
5713.98
821.253
-5999.63
3558.15
3799.25
-2270.88
-2209.85
4621.42
-4618.37
2457.66
-6188.24
39.3688
-3628.35
4667.2
-9096.65
-167.547
-2887.97
2128.06
-642.415
-7690.97
5105.44
5037.69
467.238
7941.22
-4095.89
-4151.43
9542.22
2797.02
5294.05
5226.29
-9467.76
7182.53
5882.44
-5234.23
-9620.96
-4906.46
1237.53
7095.86
-8790.25
118.717
682.699
-6017.94
8515.58
-6590.47
7883.85
3071.08
-6570.33
9347.51
6348.77
-6113.16
7235.02
-5472.88
-5032.2
3713.19
6213.26
5696.89
-3282.88
-6017.33
4983.98
-7748.95
-6348.16
-2201.91
-3566.09
8936.12
-8687.7
-786.462
-3618.58
-5637.68
5669.42
4896.08
-8914.76
973.235
-4265.57
-1205.18
-4262.52
-7925.96
-5040.13
447.706
2048.1
-8436.84
4551.23
-2461.32
3066.8
1982.18
1816.16
-6655.78
-6650.29
-3493.45
6687.52
-315.867
-7394.33
517.289
-479.446
-3994.57
-9061.25
8354.44
-6682.03
5225.07
3827.33
-9098.48
-6514.18
6955.47
-5057.22
-388.501
8256.17
-1263.77
-5043.79
2599.87
2898.34
5902.58
-5562
-1560.41
844.447
-9295.02
-1012.3
3271.28
4855.19
1319.32
4714.8
-3139.44
1346.78
-8643.15
2197.64
3224.89
1009.25
-9484.24
7040.93
-8541.83
-1162.45
-3016.75
5162.82
-7628.1
6704.61
-7777.03
-9069.8
-3415.94
1592.76
8772.55
6274.91
9678.95
2620.62
-8332.47
-1093.48
-9942.01
-19.2267
4133.73
7756.28
5119.48
8913.54
-1850.34
-6231.57
-8628.5
-8147.53
528.886
4174.63
-5870.85
1852.78
-4875.94
8358.1
-7606.74
-9566.03
-8200.63
-6540.42
4560.38
-7034.21
2776.27
-2177.5
569.17
-5286.72
-3006.38
-9580.07
-3871.27
-9324.32
-6901.15
-5616.93
-5372.78
2334.97
1695.3
2756.13
-7625.66
4445.63
-2525.41
4599.44
-7219.76
4987.64
-8146.92
9576.4
5110.93
-8587.6
6749.17
9133.88
-6569.72
6296.88
107.12
2414.93
-8624.23
5537.58
3813.29
5019.38
8368.48
2214.12
4615.92
8745.08
2892.24
9237.04
8678.55
-9575.79
8480.79
3909.12
388.501
-2004.15
8010.8
7529.83
-3944.52
-8082.22
1951.05
3158.97
3108.92
-9932.25
6172.98
4673.91
5434.43
-5764.64
4963.84
238.35
5465.56
6348.77
-5143.28
3310.34
3660.08
-7455.37
4907.07
-5686.51
5980.1
3226.72
9036.23
6100.96
11.2918
7211.22
-3924.99
-3671.68
-9666.13
8110.29
-6873.68
-129.704
-6219.98
1062.35
7872.25
4398.02
5198.83
-2059.69
5446.64
2246.47
-5651.72
-842.616
5515
1698.35
4560.38
207.831
-4836.27
-9199.19
-6233.41
-8951.99
3238.32
-3143.1
8552.2
-3532.52
-8247.63
-5309.31
-8169.5
-4452.35
9994.51
6844.39
-5220.19
8356.88
6945.71
8796.96
-6337.78
7994.32
7658.01
2362.44
2150.64
6107.67
9186.38
-9634.39
-213.324
-9982.91
1729.48
-4261.3
7200.23
-436.72
-9417.71
-1847.9
8708.46
1804.56
4538.41
-8686.48
-7077.55
-8304.39
6360.36
-5945.31
-8008.36
-3133.95
-9054.54
-1667.84
-9902.34
-5380.11
6816.92
7263.71
1839.35
-700.4
6547.75
6335.34
-8881.8
8109.68
1772.21
892.666
-8833.58
3558.15
8377.64
3049.1
-3679.62
611.896
-2475.97
1128.88
6185.8
-3287.76
-1890.62
-5222.02
-7192.3
-7236.24
6300.55
8865.93
-8523.51
3221.23
7763.6
9293.19
5784.78
3409.22
8212.84
-6151.62
7573.17
-7809.38
-2093.88
1222.27
2380.75
-1887.57
5708.49
-8688.31
1033.05
7147.74
8354.44
-57.0697
7980.29
174.261
-9475.69
1123.39
7023.22
-1703.24
1377.91
-28.9926
-4952.24
4148.99
3141.27
9421.98
4391.92
-2706.08
-2595.6
-6146.73
4463.33
-8143.25
4733.12
-7243.57
3251.75
-5494.25
3222.45
7557.3
-659.505
-9095.43
1625.72
4734.95
5054.78
-1220.44
-7319.86
-1642.2
-8637.04
-4302.8
2245.86
5153.05
-4828.94
-292.673
-104.679
-4763.02
-390.332
-9047.21
6573.99
-8355.66
7968.69
-7610.4
4952.85
1764.89
1879.63
-2276.99
8101.75
-6182.74
4388.26
4705.04
-7889.95
1495.71
-1473.74
1903.44
8279.37
9895.63
2024.9
7072.66
501.419
5858.64
8781.09
5251.93
3473.31
5858.03
-2294.69
4717.86
7338.79
4545.12
-417.188
-1095.31
4416.94
-2917.26
2562.64
-7560.35
3615.53
-1598.25
6906.64
-609.455
8165.84
-7515.79
9620.35
-8123.72
2309.95
-5178.69
9591.05
7147.13
2547.99
1154.52
-6136.36
-8731.65
-911.588
5632.8
-4333.32
7535.33
3118.08
1506.09
4825.28
7727.59
5510.12
7490.16
1183.81
-5643.79
2612.69
-7090.37
-8343.46
-8001.04
-5274.51
4766.08
1540.88
-4131.29
-7100.13
9836.42
709.555
-4269.23
-315.256
-5059.05
-4686.73
3300.58
-563.067
-1501.82
5614.49
1236.92
3837.09
-3506.88
580.157
1866.82
8217.11
-4011.66
9857.17
-6238.9
4335.76
-708.335
3753.47
4285.1
5228.13
-8077.94
1856.44
-3751.03
7741.63
-2516.86
904.874
6791.89
8403.88
-7422.41
2545.55
6606.95
-1775.87
4886.32
-8403.88
7654.96
-7924.13
7535.94
5446.03
-2530.29
-1733.76
-7120.27
5206.15
8194.52
3929.87
-1178.32
9249.85
-1531.11
1868.04
-9205.3
-243.233
-3706.47
-5544.91
-7456.59
2893.46
995.209
246.284
8805.51
-6755.27
-7582.93
-1101.41
-6962.19
3139.44
5464.95
42.4207
3315.23
7468.79
-1875.36
-8279.37
-496.536
4652.55
-8914.15
-5977.05
4855.8
4354.08
7089.14
-6455.58
5146.95
2579.12
8124.33
4282.66
8470.41
-5214.7
-1390.12
-9388.41
-1177.71
7623.83
-7332.68
-2052.37
6606.95
-65.6149
-6370.74
6735.13
9171.12
-6370.74
3892.03
-4620.81
4509.72
5083.47
-6750.39
7750.18
-8739.59
-2347.18
3828.55
-9122.9
-1891.23
5958.74
-253.609
-1529.28
-4268.62
-7454.76
-373.241
5882.44
-5589.46
7556.08
85.757
-7860.04
430.616
-7970.52
8322.7
-5321.51
-5610.83
-4531.08
-8062.69
-7614.67
4554.89
8278.76
4101.38
2598.65
-1623.28
-281.686
-7804.5
7670.22
5294.05
1990.72
8065.74
-3274.94
-6047.24
-8921.48
7988.83
-1754.51
-3033.23
4974.21
501.419
9094.21
6337.78
9907.83
-9801.63
-4391.92
-7334.51
-4783.17
-4360.18
-7602.47
-8720.66
7471.85
9475.69
-5550.4
8395.34
4473.71
-1072.12
8190.25
-9551.38
-221.87
-5248.27
-2891.02
9713.13
-1664.17
6790.67
7586.6
9326.76
-6099.73
-5738.4
-9470.81
869.472
8814.66
8897.06
4468.21
-2405.77
6806.54
-948.21
-4291.82
-3548.39
-581.988
-7073.89
1187.48
-7972.96
-3311.56
9001.43
9650.87
-4479.81
2728.66
-8165.23
6767.48
1883.3
6790.06
1333.96
-176.702
-1747.18
-9519.03
-6379.28
7606.74
-3207.19
1731.93
1636.71
-8890.96
5081.03
-3857.84
-6412.85
-9317.61
-2848.29
-3655.81
-2627.34
5256.81
-1664.17
9988.4
9111.91
-744.346
7009.8
-3006.99
-6100.96
-7163.61
6384.78
6680.2
-3090.61
1069.67
9462.26
-4592.73
-7018.95
-2308.11
-9726.55
5346.54
-7199.62
9056.37
4540.85
-4991.91
-6190.68
-6104.62
-7132.48
2158.57
-6027.1
-5461.29
9604.48
9736.32
-3486.74
-4803.31
-9509.26
-4590.9
3752.25
-7064.12
2226.94
-4618.98
8178.04
-3018.59
7067.78
3091.22
-1136.81
1961.42
5593.13
-6591.08
-8640.71
-9279.76
-9238.26
-7025.67
-802.942
-7669
-3616.14
7288.74
-4897.92
-9075.9
-6878.57
5187.23
78.4325
-9036.23
-4829.55
-8676.72
8452.1
-5404.52
-9285.26
7287.51
7028.72
-3314
-694.906
-8024.23
-3528.86
-6815.7
9272.44
1849.73
-6967.68
8432.57
-1692.86
1697.74
-1241.19
-2961.82
-9672.84
6536.15
-1695.91
5952.02
-8240.3
5258.64
-9539.17
-7643.36
359.813
6678.37
-7448.04
3009.43
9697.26
-1428.57
5790.28
-9354.23
2430.8
354.93
-254.219
-6911.53
-4505.45
23.4992
4038.51
-9331.64
-9672.23
-4032.41
5379.5
7596.36
-8737.75
-5697.5
-1906.49
-7100.13
5205.54
2323.37
6239.51
6563.62
5732.9
8726.77
5457.01
6480
-5277.57
-8792.08
2669.45
1851.56
4652.55
2071.29
1756.34
8665.12
-5314.19
-7532.88
-6665.55
-7148.35
3672.9
5895.87
-3237.71
-3217.57
-6810.82
1584.22
-7509.08
-5308.08
3741.87
-1623.89
-7095.86
-7314.37
-2743.92
-243.233
9746.7
-1062.96
8991.67
-9371.93
6286.51
-296.335
1977.29
6476.33
-7671.44
6793.11
7131.87
5538.19
-9797.97
-7905.82
2153.69
4606.77
9852.29
-5190.89
-7660.45
9091.16
1152.07
-2999.66
6436.05
-2039.55
1579.94
-6915.19
-9349.35
-5803.09
7355.88
8901.33
-6034.42
1379.13
6193.73
-4032.41
7848.44
-2977.69
-229.194
-3435.47
-6484.27
3307.9
-5944.7
5259.25
-145.573
5814.08
5606.56
2502.21
5131.69
879.238
1976.68
5918.45
5621.81
2230.6
4341.87
-5079.81
4270.46
7485.27
-9518.42
-5736.56
2523.58
-4831.39
6238.29
-7825.25
8443.56
-7141.03
3573.41
-1324.2
4242.99
7094.03
-6644.18
-275.582
6354.26
-4346.75
-9002.04
-7196.57
1165.5
-7136.75
3071.08
-419.019
9542.83
8516.8
-6984.16
1262.55
3269.45
-8939.18
-5909.91
-7734.31
6523.33
-4329.66
7659.84
-2157.96
5515.61
7819.76
-5034.03
-8737.14
-575.274
2992.34
503.861
-3792.54
-4262.52
-6848.66
-4886.93
9968.87
3134.56
588.092
-3068.03
-6898.71
5034.64
9778.44
-1676.99
1147.8
6935.33
-2125.61
-3100.38
4049.5
659.505
-5544.91
-1219.21
8886.68
-1352.89
-8845.79
-7800.84
-8439.89
1410.26
-8198.19
-419.63
-6956.08
-8729.82
3696.1
6229.13
5833
-4477.98
631.428
-6260.87
6208.38
-7877.13
-1687.98
-3743.71
-2044.44
1056.25
-7226.48
7715.99
3144.93
-5519.27
2435.68
-1816.77
5612.05
8792.08
4410.23
7423.02
2754.91
-8277.54
5699.33
-6186.41
-8718.22
7614.67
-104.068
6746.12
2524.19
-6033.81
-9984.74
616.779
-7053.13
-7590.87
8091.98
-1444.44
5480.21
7211.22
-7850.28
3995.18
7292.4
-5549.18
-8809.17
8226.26
-359.813
-5021.21
-1194.8
-7952.21
5408.19
-5707.27
6047.24
9650.26
9970.09
2453.38
-5806.76
-7161.17
996.429
-2840.36
-1996.83
3752.25
2833.03
3121.74
118.717
-5840.33
-8928.8
-9162.57
7217.93
-492.264
2944.73
7916.2
8553.42
5798.21
9163.18
6062.5
7495.65
-2543.11
2825.71
-3149.21
6715.6
4299.75
-8978.85
-586.261
-2385.63
-4279.61
4755.7
-6832.18
-5351.42
237.739
-7181.92
-1295.51
5153.05
-1485.95
-4775.84
-27.1615
-4700.16
7977.23
1850.95
-9130.22
2818.99
7167.88
-8112.12
-621.052
-2904.45
-2060.92
-254.83
-7639.7
-2721.34
-6364.64
3018.59
-5854.37
9022.19
-8632.16
-1840.57
2031.01
-9517.2
-3481.86
-539.872
-8179.88
8203.68
-2403.33
6986.6
-3469.65
-6501.97
-427.564
-920.743
-8620.56
-22.2786
-6188.85
-4944.3
8196.36
-7170.32
-7269.2
3721.73
-7633.59
-9522.08
7318.64
3340.25
5441.15
9255.96
-4385.2
8662.07
6535.54
-8292.79
309.763
-9345.07
-4355.91
9150.97
3552.66
4557.33
-8009.58
-879.849
-2872.71
-8135.32
-9455.55
8317.21
-3907.9
-8097.48
9827.26
1697.13
-5969.73
8582.11
-5871.46
8309.88
8019.96
7982.12
3270.67
4525.59
-8540.6
-7625.66
-6978.06
5267.8
2872.71
6322.52
-681.478
3877.38
8804.9
467.238
9381.08
-8760.95
8957.49
8645.59
-7117.83
-5214.09
1666.62
3943.3
-3720.51
8013.86
-2136.6
9323.71
-6573.99
-8874.48
1627.55
8450.27
-4393.75
-6556.29
5479.6
-7670.83
-5892.82
-1811.27
-1487.17
7401.04
-1550.04
280.465
-4489.58
692.465
3417.77
-2236.09
5159.15
7678.15
7990.66
7496.26
5490.58
-1551.26
-675.375
5715.2
4677.57
7836.24
4892.42
4115.42
-4700.16
5097.51
5912.35
2058.47
221.259
8805.51
-4807.58
5541.25
-1817.99
2551.04
-7481.61
-6458.02
7252.72
-2905.06
693.075
2384.41
-5743.28
-5410.02
-4619.59
8723.11
8303.17
495.315
-8149.97
1792.96
6536.76
-1184.42
1771.6
5543.69
-9755.24
-3718.07
3165.07
1275.98
-556.352
-8896.45
-3354.9
-8586.38
4054.99
-8081.61
-8923.92
-4963.84
-176.092
2557.15
-8229.32
-4213.69
7077.55
-1741.08
-5652.94
-7203.89
463.576
8957.49
-2620.01
-4764.24
7792.9
-4747.15
-3039.34
-8873.87
6104.01
-7280.19
-3697.32
-8965.42
-6917.02
-9854.12
-6494.64
-2726.22
1958.37
-2651.75
610.065
-763.878
-2004.15
8185.37
-2930.08
5489.36
4725.79
-5616.32
-9244.36
-6753.44
-1988.28
-4180.12
9631.95
5856.2
-3891.42
2861.11
-2786.65
-1091.04
3809.02
-3591.72
-5052.95
5619.37
-1173.44
1260.11
4621.42
2076.78
-1472.52
-1583.61
-6055.18
3011.87
-4866.18
-8040.1
-1581.77
8694.42
-2461.93
-3874.94
2612.69
-6416.52
7834.41
-1807.61
-6010.01
-2626.73
-9293.8
2829.37
-7609.18
9030.12
3794.37
-6506.24
8305
4474.93
7156.9
-3455.61
-6938.38
8518.63
-36.3171
3659.47
-5943.48
1681.88
2540.06
-1791.74
-1858.88
2519.3
-8113.96
1194.19
-3695.49
6081.42
8800.01
2384.41
-7231.97
9130.83
4720.3
-7730.64
-8384.96
2741.48
6434.22
463.576
4095.28
2908.72
6748.56
-3826.11
9702.14
-211.493
-733.36
-3630.18
-5820.19
-3804.13
5398.42
-2733.54
-2436.9
-4012.88
-8292.18
-5239.11
-4623.25
-7051.91
5755.49
9430.52
6130.25
816.98
8522.9
1733.76
8224.43
-4936.98
-8419.75
-6974.4
-601.52
7050.69
-2904.45
-1975.46
1838.74
1208.23
8823.21
4343.09
6076.54
-4167.91
-7804.5
4716.64
-3197.42
-1850.95
-8361.16
-2444.23
-6279.79
-5743.89
3243.81
1437.73
-9442.12
4578.08
-9094.82
-826.136
5378.89
5445.42
4076.97
-2931.91
5294.66
7441.94
5236.06
-5002.9
-1269.88
-8873.87
5214.7
-7060.46
-1658.68
-9231.54
-5504.01
9569.08
7726.98
6712.55
8623
-1456.04
-4944.3
-3000.89
-4179.51
-1874.75
6731.47
8877.53
4983.37
-271.31
4218.57
811.487
2127.45
-8945.89
-2838.53
-4365.06
-6545.92
-591.754
-4081.85
-4549.39
3133.34
-9154.64
-3371.99
-1080.66
3940.24
-9240.09
1948
-8443.56
8870.82
1542.71
-9424.42
9660.63
1855.22
2933.74
-1309.55
8494.22
-4298.53
-9301.74
6426.28
-4639.12
-4611.04
-751.671
-7486.5
-1822.87
-5164.04
3827.33
-9786.37
-9819.94
5273.9
7900.33
7658.62
1399.27
3343.91
-8643.76
5732.9
-2495.5
-2952.67
5163.43
-3371.99
-3336.59
-2327.04
8083.44
-3828.55
5032.2
-4177.68
-8905.61
-6917.63
1506.09
9665.52
5124.97
8258
-7653.13
3547.78
-2265.39
7227.7
6328.01
5070.65
-5629.14
-1103.24
-9000.82
-1222.27
9813.84
3702.81
722.983
4563.43
5441.15
4311.96
-2917.87
-1064.18
-2049.93
1976.68
-7696.46
7257
-4867.4
-8312.94
-3689.99
5080.42
4359.57
-766.32
-1969.36
-3279.21
9377.42
-6693.62
1597.64
9171.73
1053.19
-4233.83
8043.15
9497.67
-2308.11
3194.37
3137
3835.26
544.145
2865.99
1980.35
6113.16
135.807
-3743.71
-9023.41
-5370.95
-952.483
-6787.01
-2181.77
4598.83
6757.71
9920.04
-9900.51
-5190.28
-7814.26
-6231.57
-6808.37
-3497.73
9554.43
8276.31
7999.82
2596.82
3192.54
1161.84
-775.475
5405.74
6920.07
8718.22
-5238.5
938.444
3612.48
-414.136
6856.59
7940.61
601.52
-8917.81
-4360.79
-222.48
6507.46
1182.59
5674.31
-2698.14
5151.22
9293.19
-3867
816.98
-7842.34
8939.18
-4764.24
9268.17
9880.37
5494.86
-433.668
4786.22
6267.59
2072.51
8901.94
-9289.53
-6691.79
6702.17
-2832.42
1206.4
-9335.92
3926.21
-9839.47
-9385.36
-9876.09
3932.92
-9354.84
654.622
6506.85
-7645.19
1460.92
-6406.75
-9369.49
-6146.73
7266.76
9531.85
9982.91
-7379.68
5534.53
-4098.94
-7297.89
2917.87
7435.83
7326.58
516.678
-7220.37
-773.034
3952.45
6238.9
-5992.31
4774.01
6381.73
1470.08
1575.06
-171.819
-4665.36
-9884.64
-4426.71
-1306.5
-5839.72
-6653.34
8824.43
3895.08
2326.43
1637.93
-6724.75
-519.12
-1990.11
-506.913
8315.38
-1415.14
-2088.38
-1503.65
4123.97
5870.24
-7571.34
4304.64
3191.32
5480.21
4296.09
-6784.57
-6880.4
-4876.55
8832.97
3925.6
-6154.06
-3082.67
3919.49
110.782
-7604.3
5610.83
7819.15
9454.94
8311.11
4817.35
-7022
-5259.25
2856.23
-8116.4
-6068
2648.09
-4852.75
2009.64
-2566.91
5859.25
-1683.1
-7742.85
-7069
4120.91
-1161.23
-3937.19
-8469.19
-132.145
-7850.89
8887.29
-8447.22
-5949.58
-2322.15
-4385.81
-1183.2
-2227.55
6417.13
346.385
-220.039
5382.55
4158.76
9193.7
-4349.19
4632.4
3517.87
6705.83
-4395.58
9530.01
7869.81
-3444.62
-2776.27
-8485.06
326.243
7109.9
-7705.62
-5421.61
879.849
-7495.04
6073.49
9951.78
4831.39
9857.17
8160.34
-4009.22
5634.02
3227.33
3097.32
-1114.84
-4722.13
-5024.87
-1182.59
-193.793
5338.6
-4885.71
1072.12
4128.24
1809.44
9303.57
-8043.15
-1653.8
-3143.1
-3906.06
668.05
-9687.49
-9394.51
-5934.93
4606.77
-1581.77
6096.68
9459.21
8962.37
5345.93
-9474.47
4952.85
2897.73
2016.97
5902.58
191.351
457.472
-2638.94
2245.86
4698.32
4332.1
-472.121
-3555.71
-6204.72
595.416
4172.19
9903.56
8158.51
2546.16
-4568.93
8110.29
7623.83
-8226.26
-4774.01
-4765.47
-113.224
-5421.61
6504.41
6896.88
-5297.1
1863.15
6056.4
-5781.73
4217.96
-9367.05
-7475.51
2297.13
66.2251
-4781.95
5236.06
-3788.26
7840.51
6346.32
-525.224
-2304.45
9578.23
6196.78
-6169.32
5597.4
-5123.75
-2447.89
-4758.14
3256.02
-8735.31
-4824.06
-2647.48
5917.84
-5538.19
-2452.16
-2175.05
-8688.92
9140.6
7066.56
-9788.2
6519.67
822.474
-3139.44
-3965.88
-5743.89
9536.12
-7674.49
-7329.63
-8306.83
5851.92
5510.73
2698.14
4938.2
-71.7186
-9520.25
297.555
-7686.09
4190.5
-2219.61
361.644
-455.031
265.816
-3867
5917.23
-17.3956
-9196.75
-524.003
-505.081
2998.44
6800.44
7486.5
-5931.88
3664.36
-8941.01
-2302.62
9191.87
-3155.92
8411.21
-2647.48
7952.21
8831.14
3307.29
-6900.54
374.462
9641.1
-4564.65
6672.26
8888.52
-898.16
-6044.8
-5338.6
1498.76
9853.51
998.26
528.275
8268.38
384.228
5048.68
-3049.1
6753.44
1240.58
-5165.26
6663.11
-7995.54
7513.35
-5651.72
-112.613
-3234.05
748.009
9625.23
-3506.88
-2509.54
-6608.78
7908.26
-8988.01
-8194.53
-1101.41
-182.806
8625.45
3047.27
633.259
5153.66
-9747.92
-2515.03
2681.66
-7041.54
-5129.86
9878.54
-4297.92
-3539.23
-2817.16
2964.87
943.937
-6476.94
8762.78
-3473.31
5551.62
-6767.48
798.059
-8345.9
-7717.83
-762.047
-3429.36
5823.24
-3232.83
-9522.08
-8226.88
4419.39
-4568.93
9913.94
-9182.71
4340.04
-2793.36
1891.23
-2768.33
-4719.69
2156.13
8770.71
6294.44
-5652.33
139.47
7427.29
-1990.11
-381.787
-7358.32
-3731.5
-1426.13
-1736.2
-9110.69
-6619.16
8424.02
-5123.14
-6615.5
-3565.48
5030.37
-4390.7
-4026.31
4968.72
-1467.64
-6234.02
-2416.76
-4310.13
8352
-7540.21
-5256.2
-8600.42
-1092.87
9966.43
8027.89
-5820.8
2557.15
3398.85
-6473.89
3460.49
7894.22
-3672.29
2490.62
9599.6
1512.19
5971.56
2262.95
3588.67
1380.96
-4421.83
1619.62
-6475.72
9943.24
7637.26
-6346.32
8454.54
5063.33
3523.97
-675.375
237.739
-3045.44
5224.46
4793.54
4035.46
9208.35
4751.43
-4327.83
8058.41
-7955.87
-3119.91
1315.65
-6802.27
5921.51
833.46
-7726.98
-6832.18
3617.97
6528.21
4032.41
-4227.12
8914.15
-8970.31
-9825.43
-4058.66
5.79846
816.98
-1927.24
1134.98
-4235.05
5493.64
-9750.36
-227.363
-7020.78
-1424.91
4528.03
-6719.87
-7310.1
-9031.95
-3909.12
2403.94
3763.24
-7233.8
-5412.46
8403.88
1804.56
8998.99
-603.351
-246.284
-8444.78
4940.03
6182.13
4979.71
-9109.47
6627.09
7863.7
2245.86
4540.24
-7816.1
3123.57
6337.17
5663.93
-398.267
-4420.61
3635.67
-6597.19
6580.71
-3254.19
-4260.08
4534.75
8075.5
-4089.79
2338.63
7349.16
7156.29
-9954.22
3964.05
-4119.69
4813.07
-3107.7
-4739.83
-7384.56
4336.99
4323.56
9376.2
-2195.81
-4109.93
-874.966
4122.13
-6508.68
-3099.15
8322.09
-9490.95
406.812
-6099.73
-3843.2
-5708.49
-4171.58
1432.23
9869.38
-8853.72
-9453.11
3655.81
-2620.01
6108.89
-6940.82
-5728.63
-9981.08
-2107.3
-889.615
390.332
-6581.32
-1285.13
-5286.72
5972.78
-309.153
-9743.64
-9227.27
464.797
4022.64
6379.89
-2568.13
8253.12
-1190.53
3227.94
-3729.67
4567.09
8452.71
7333.29
-1517.08
-6552.63
-2053.59
2356.33
7158.12
-6583.15
-1623.28
5087.74
-8221.99
6462.9
2462.54
-8674.28
-6918.85
-4029.36
-6742.45
2270.88
6388.44
9228.49
-854.213
-7960.14
1540.27
-9879.15
-1755.73
6953.64
7557.3
-2348.4
5352.64
-2807.4
152.287
-4097.72
4561.6
-8525.96
219.428
-8930.63
650.349
-4650.11
1423.08
1192.36
-7598.19
3771.17
-4985.2
-5797.6
954.314
8528.4
-9994.51
-82.0948
-3683.89
-8792.69
-3194.37
-8391.67
-4827.11
2271.49
-7526.78
2755.52
-6896.27
-3097.32
-4311.35
-5367.29
4343.7
8229.32
9578.84
333.567
-7797.78
8557.08
515.458
865.2
3277.99
-764.489
-8977.63
-1059.91
8580.89
-218.207
-5096.9
6090.58
4698.94
-3113.8
-7279.58
8721.88
-1873.53
3927.43
-4244.82
8742.64
5882.44
-8381.91
-3434.25
4387.04
-4460.28
411.695
-5726.8
6857.81
-2201.3
-4713.58
-7302.77
-1587.27
-5278.79
-6453.75
-527.055
7526.78
-3246.86
6243.17
4263.13
6743.06
-8335.52
3866.39
4201.48
8849.45
-1474.96
6912.75
-5312.97
6995.76
9846.19
-8040.71
-6347.54
-5614.49
-4990.08
-6124.76
-2563.86
9162.57
8115.79
-5209.81
-3618.58
112.003
-6640.52
441.603
8283.64
-1183.81
-8912.93
-5466.78
-2180.55
-6128.42
-2376.48
-8270.82
74.1599
-7191.69
2029.18
-102.237
-3706.47
7327.8
-7112.95
-7754.45
-7.01932
7479.17
-1743.52
-43.6415
1537.83
417.798
-8084.05
5961.79
9327.98
-647.908
9019.75
-9526.96
-4290.6
-1692.25
4293.65
8893.4
5736.56
-1654.41
-4105.66
-7265.54
-3091.22
842.006
8062.07
-5823.85
8012.63
-6529.44
-4324.17
4872.28
5188.45
4499.34
3864.56
9647.82
3349.41
-8964.2
5766.47
5696.28
-8925.75
-3155.92
-8414.26
7921.08
-2892.24
5351.42
-7935.12
-8980.07
6579.49
3480.64
9490.95
8967.25
5081.03
1928.46
-636.311
2490.01
-1283.3
7506.64
-4134.34
-4810.63
8258.61
-6813.26
4230.78
8912.93
5519.88
1463.36
-6838.89
-994.598
-9906.61
6657
-9594.1
83.3155
-5445.42
-8206.12
-5370.34
2922.15
-3729.67
5680.41
6691.79
-6885.28
3937.19
-4208.2
-6531.88
-7886.9
-3034.46
2615.13
7339.4
-8734.7
5847.65
-8944.67
-5541.86
-498.367
-8383.13
4540.24
-5056
-4734.95
-7453.54
-2557.15
8106.02
3333.54
-3812.07
-8545.49
5834.22
7145.3
4892.42
-8477.74
7283.24
-2741.48
-7066.56
6984.77
-2038.94
6568.5
3353.68
-6473.28
6368.3
-7093.42
2665.79
1584.22
1290.63
-347.606
1527.45
6808.37
2887.36
-5032.2
-480.667
8239.08
-9307.84
301.828
2152.47
9786.98
1652.58
8768.88
8218.94
-9331.03
1332.74
4036.07
-4372.39
409.253
1405.99
350.047
3839.53
4035.46
6563.62
-5686.51
1025.73
-6902.37
3957.33
9049.04
-5920.29
8135.93
-1687.37
1365.7
9609.36
8206.12
5825.68
-7429.73
4022.03
-6885.28
9976.81
-6479.38
-9154.03
-6031.37
-7618.95
4573.2
3397.63
-2334.97
1808.22
1033.05
925.626
959.807
-5516.22
4740.44
-3642.38
-272.53
8811
-7589.04
-6226.08
9041.11
7626.27
1363.26
-6266.98
-302.438
-8875.09
3247.47
-5429.55
6816.31
-6429.33
6415.91
7803.89
-3871.88
6922.51
-2457.05
-4238.72
3587.45
4495.07
3135.17
9562.97
-6069.22
7794.12
1540.27
-4423.66
-6196.78
9627.67
6098.51
8480.79
5081.64
-3357.34
-9954.83
-954.314
-5984.37
4392.53
-6199.22
-5225.07
1821.04
8073.06
5262.31
1514.63
-7668.39
2046.27
-6265.15
4172.19
2360
-8719.44
8117.01
-5343.49
-9633.78
7824.03
-32.6549
5174.41
9081.39
-4554.28
2085.33
-5005.34
-2304.45
-4427.93
3218.18
8826.87
-756.554
-2378.31
9526.35
-5088.35
-1189.92
6896.88
-6563.01
979.339
8183.54
-6874.9
501.419
-3832.21
-7430.34
-7200.23
-5115.82
-2943.51
5019.38
8428.3
-5887.33
5917.23
4153.87
-2179.33
-6292.61
-679.037
855.434
-3452.56
-7677.54
-4778.89
9515.37
6677.75
-1982.18
-3361.61
9483.63
-5062.72
6287.12
68.0562
-7665.33
-6593.52
-9528.79
6745.51
585.04
5877.56
-4819.18
4883.27
-6526.99
-6996.37
-6653.95
1012.91
5438.7
-635.09
-2471.08
8550.37
-7076.33
-4434.03
6118.05
-8287.3
-4882.66
-1494.49
-4970.55
-7079.38
4268.01
2929.47
-4457.84
1785.03
-8803.67
7402.87
8888.52
-6163.82
1625.11
7813.04
-1769.77
-2902.01
8954.44
1548.81
8641.93
-5361.19
-892.056
-4543.29
-4274.12
1222.27
-6924.34
717.49
-6513.57
2189.7
2775.05
7763.6
2087.16
-7311.32
5856.81
4352.24
6110.11
5383.16
-4916.23
9938.96
3960.39
4758.75
7903.99
9455.55
-984.832
