10000
-1202
-4215
1372
-3896
6556
-1451
-613
8189
7830
-7710
2717
-1678
-3880
-3728
-7628
5167
8034
3572
-6575
-3034
-280
-9899
8646
-5891
-5648
-1795
9677
9259
-8195
-6383
1317
-5436
-4219
-4358
-4923
7001
-3222
-1081
-947
3065
3176
4916
-7367
4061
5642
-1876
-6918
-1471
-6080
-7669
4646
-4584
-2378
-4022
620
-3365
-3137
-2697
-3729
3903
-3919
6785
-2067
-3823
-2056
-9636
9150
-3620
1728
7969
5155
-3894
-2851
599
5917
-3029
7789
-7566
-1827
2843
7439
-3687
-6276
-6882
-4128
8620
-3893
1039
3720
4486
782
9788
-7891
-8321
-314
6952
-4501
1333
-6836
9242
-7096
8333
6917
-4937
1921
-45
8914
9608
-5207
-2069
6886
-4190
-5262
-3679
3037
-8859
8397
-7261
5323
-7899
-2289
-2126
-6797
-9784
-9068
-1739
-9575
-9232
5003
-2288
-3237
-6214
1126
-7663
2779
-7194
-7399
-1388
6336
8793
-7321
-9730
7678
7486
-6155
-4594
-4975
-2414
-8155
1047
7698
-1982
736
-3865
-7037
9999
787
649
-9553
-8909
-1285
-5262
719
-281
-62
-5225
397
1795
8941
-3427
-4273
-2682
-4273
2038
-1781
280
192
-4536
4961
-3474
-3342
-654
-888
-6192
-7901
9545
8491
2678
1998
-2875
7566
-5193
-4760
964
7572
-8988
-8856
-3705
-3357
-2094
2565
3322
231
-7752
-760
2745
-1835
1720
-617
-1066
6484
-6463
-167
-5799
-8104
-2091
-5955
-9376
-658
3302
4847
8434
7744
-9914
1653
-49
3759
-5154
1404
-1689
-7931
-8929
2506
-48
3056
-6153
-453
-1168
-1913
4455
3367
8801
-6704
2932
8325
3573
360
-4423
7927
-2024
-2089
-4346
-8291
-7756
-8309
-5947
5839
-5893
-4216
-101
1800
-4670
1979
173
-4796
-4663
-6991
-3349
-6001
-798
-9464
-982
-204
-5873
-8063
524
1179
2350
8031
2725
-262
-3724
9421
-512
7682
-9610
-3432
-9346
4155
6383
-9783
9122
2741
2621
-7409
-7384
-8260
-8340
-1035
-8835
-6260
4151
2813
8300
8200
-8246
-5459
-9133
166
9582
2119
2081
-1587
-7552
-841
1595
-8348
-5600
-4015
-3814
-7935
-6958
-8007
8667
8424
-5919
-9596
-8008
-6633
4417
928
-5069
-7364
-9097
369
7539
-7255
-8166
-6692
-5518
845
-455
-8186
7030
-773
-2206
-9217
-8034
-3701
-38
-1701
-9633
-4790
-1872
6113
-1041
-1462
536
7304
1476
-6787
-3119
671
8693
-3355
-854
3403
9865
-4990
-9402
-8427
-1073
-7434
5148
-4474
-3926
-6841
-1376
780
-5134
2559
5226
-4451
-266
-8899
4525
3176
-3610
-6204
-4729
2685
2130
-3717
-8830
-3372
1932
-5552
-39
8563
756
1211
-7946
-5565
-5038
-7060
-5478
8109
-7163
3069
1799
5702
-9474
6858
-262
-3773
-4056
7427
-9870
6613
-1143
8703
-4264
6865
7373
3283
4416
9004
-1599
1283
-5876
1711
3580
7737
-6478
-9109
7621
596
-5569
869
528
-3550
251
7701
-6549
-2287
-4497
-9197
-5927
-9021
-8313
-7311
-1475
-1216
-3694
-2330
-4262
-5968
-7411
9133
-9415
-4888
-7896
-7604
-5942
-9914
5634
-9995
-2099
-4808
-368
-140
243
5441
7463
1761
1345
-6401
-4074
-1035
-9513
4262
-6283
-9500
-2003
-4942
1052
-8918
-1882
-7014
-554
8415
6943
-6776
-4231
-9555
263
-536
-434
907
-4457
4641
-2024
2052
-1801
-7647
-9776
8466
-6583
5082
-5900
4082
-9500
-3884
-5949
-5257
-5855
633
-7326
3361
-3948
312
2049
-8919
-9799
1160
-3322
-8930
922
650
7040
-1676
-2682
3412
-1924
6396
-7038
-3097
1406
8464
-4087
-7317
5585
4272
717
-1676
3833
178
-1890
-4190
-5369
8916
-9331
-3020
-1992
-267
-943
-7277
8853
4229
-5654
1363
-1379
2585
3204
-5766
-60
-6173
-6243
5152
3357
8004
-1719
-3751
4565
1337
-8841
-5458
-5250
-70
4239
210
9015
4139
987
5203
3776
4266
6477
-4496
4944
9097
-3264
-503
-114
-5920
-5321
8094
-5028
-3804
9392
-1135
-4432
6164
5940
-8883
7688
-942
-3030
-1397
-962
7194
8378
-5518
-5162
-5362
-1628
-6466
-9183
175
1397
-9116
62
1298
-3357
-713
2492
-1197
1963
2531
-4665
-7133
1026
-8317
-221
-5143
-8658
-819
-4237
-7865
112
-9325
7773
7993
-4889
296
816
-4763
6546
7936
3911
8558
1491
2972
6248
-7093
508
-4860
-1361
8345
4006
-2187
6290
1356
476
-5347
-8964
-8404
-4318
-7707
-7940
-4451
-6801
-7827
7045
-6050
3296
2047
-180
-2792
-117
-8227
-6091
-9427
5935
-4804
-300
-2022
1588
-8362
-6163
1593
-5969
6299
1088
6693
-8091
3463
-3998
6723
-3882
-72
-1521
-4803
-6032
5314
9021
-3244
-5012
-3779
-49
1039
5112
-1410
-554
-7018
-4594
-6289
-917
-218
9329
5239
-5855
-4195
-6002
-9701
-8388
-2412
-8153
-1558
-1951
-9353
-8686
-4014
-7857
-6577
-7493
8026
6413
-769
-719
-5205
-4827
-3566
1313
-4499
-7535
-4624
-677
-3238
1688
-1960
-5
-2962
-8303
1067
9070
-8544
-7794
-795
-5303
-9907
-2309
-623
1440
-6309
-5657
-5443
4025
-9893
5245
5963
-4294
-9232
-5324
-3222
5453
-9137
-1776
-9820
-4165
-216
-7203
-3846
-5028
-7227
-829
300
-8558
-337
6909
-8546
7219
793
4926
-5480
2631
56
3294
4908
1615
-1232
-7914
5437
-9170
-9069
-8187
2973
6853
6608
-4712
-4584
-934
-9697
-3673
-2193
-6470
-6111
4260
-3511
9287
306
-1615
-9307
-5940
-2441
1359
-9485
-7474
-2415
-5860
1700
5192
-6912
-417
-6561
-43
-2432
-3137
6837
-46
7604
2771
9174
-9828
4103
5886
-7932
7296
-4595
-969
-9016
-7726
5330
4530
-3035
-546
-9652
-3627
1868
-9730
-2958
-1046
-3090
-1910
7857
8161
4119
-5642
6749
2569
2167
-2919
-9404
327
-4860
-949
-7543
4774
-4481
-6990
-4721
-2200
-2029
-1188
468
-5367
-7706
-1714
994
-7334
-4086
3743
1279
6736
-6572
-4002
-8562
-8447
-1074
-421
8336
7535
6448
-2619
-4727
-6307
2604
6032
5965
458
8424
5306
-3889
958
-8303
-3956
-5822
445
7920
-2202
-4033
6245
-8875
-3207
-9661
-3819
-5574
-5813
667
-3189
-2323
-2870
450
-1644
-8093
-3812
-5109
-3617
915
-8751
-2054
-9904
-6970
-1601
5143
-5026
-7989
-7380
1477
-2123
-8472
4816
6383
895
-6731
306
-3645
2913
8460
-1413
-6810
-8474
-6983
-9972
9469
5795
-6
-9880
-8814
-4781
-506
3575
1047
-4989
-4732
-8374
-212
1332
-2874
5923
-1598
7005
-7207
9584
-6473
-755
-6287
-4395
-5813
6716
-8402
-5290
657
-3399
-2338
-9974
8328
4771
-9698
4752
-2237
-4128
-8345
-4918
-2127
-6550
-4185
2213
-3432
-5178
7022
-5160
2018
-9639
-2167
1935
-3906
-1060
-8875
-8950
-1985
-2931
3596
-8512
2760
-981
9923
3145
-1784
-99
2710
-294
7340
-6510
-7516
4882
-4119
-1110
-968
-7501
2180
1851
5576
-5772
-7889
177
-3550
4056
-880
3697
835
-9032
-2489
7616
6187
-8091
432
8008
-6292
-1389
8586
-7272
-4757
-271
8336
363
961
-4714
-274
-2097
-1504
4417
725
5535
-3267
447
-6673
-5457
-6805
1551
-3888
-9452
-5592
-6043
-9393
-5544
-2445
9613
8181
4403
-7002
-5615
-4558
-5509
6211
-7013
1047
5497
-9402
-4354
6147
-2177
-3003
-9453
948
-6634
4502
-8639
-6966
-453
9069
-5922
-5845
9837
-7159
-5413
1788
5090
-7666
-9410
-3782
-3177
-2633
8233
-9717
-4942
-7930
1699
-2355
2272
6045
5749
-5391
-2623
6544
3060
-9300
-6616
-8743
-6430
6858
-7332
-5715
-8049
8805
6916
-8336
3395
-3434
9473
7141
-8513
-6133
-38
-3544
-4412
-1605
-7712
-8738
-8500
6007
-8151
-756
-7584
-8863
-545
-4408
-7989
-928
8640
-7792
2409
-3019
1084
-4490
3366
1959
5986
-7997
-2044
-4059
1727
-4964
3005
622
-9240
-8962
-8311
-1142
-4560
-8558
-5149
349
-4067
-5026
-8792
-9989
-3358
1816
-7425
3196
1028
-4608
1951
6611
1662
8624
3341
-7077
-8211
586
-8187
-5292
135
-8932
-741
7853
3301
-3580
2210
-6527
-9302
-3285
7629
-2169
9540
1911
6420
-699
3983
-666
-7719
1446
-7012
-3850
-2228
-5555
9905
-1279
-2453
-8825
9616
-1327
15
-5786
-1796
1201
6723
-2898
1146
-6494
-139
-9400
-6059
-6833
-7470
-5282
996
-2270
-1683
9803
-4849
-2982
-3456
5767
272
-6283
-3049
-1495
-3465
114
-8759
-1932
-1935
4188
-6423
5767
841
-1091
4221
-5447
6703
-5667
-6677
-7609
-2024
3336
-9861
-2549
-8058
-8761
-5798
-8367
-950
7419
-2401
3815
-824
-5368
9770
6771
9211
3564
336
5129
1815
9587
-2211
-3
2645
-4178
8465
-8970
-9843
-7296
-7220
-3516
7006
6204
6161
2643
-8205
9613
-8186
-4063
-9558
-461
3867
-4884
-6226
-8971
-6454
-689
6980
9045
326
-4242
7789
-7073
-6095
-4207
9609
3848
8518
-5234
539
-6446
-2848
-5687
461
2739
-8582
481
-3949
1787
1461
2113
-2381
-2872
-9413
-8927
-7482
-4890
1571
-1081
-8647
-7017
-8171
-2003
-5479
5098
-2547
-6934
2956
-6957
-1435
-1367
1889
1885
-5905
-7202
1933
-2408
9088
2393
748
601
-1647
5053
9202
-5148
-1877
-1204
-6661
4674
-4135
2179
8006
6552
-1118
2828
1091
2585
-5604
-7247
8070
984
-9323
-7091
4328
1060
-7232
-9046
-8059
-2607
231
617
2473
-6574
-2493
-8263
1803
2125
-2513
-8267
-6987
3121
-40
-534
-7698
-8159
-5959
340
-5645
-5292
3267
-3187
-5504
-9375
-3488
-250
-1481
8980
-8932
-2250
-4831
-9243
5501
-4141
-3345
-1237
9906
-8129
-3801
-7955
-6253
6278
8860
-6085
-1115
9413
3773
-7078
-8419
-9205
16
-9147
-6967
8231
-5759
-9262
-7154
4249
1206
-5325
8395
-4054
-8476
-2786
-3803
706
968
2415
8037
8952
-9906
-308
922
-2076
-8490
-1113
-6360
-1093
-8359
-9683
7067
6332
6022
-1229
-5830
-1754
3473
2711
-125
-9394
-8626
8
116
-5139
-455
-1725
-4022
6846
4699
1313
-6876
7497
-9112
9360
1554
5113
-7859
-5601
-503
1397
-5176
-705
-520
9261
-8071
-6489
-1349
4659
-4713
-4555
-916
5965
5158
6909
-9662
-696
7464
-8100
-6383
1679
-7855
-5841
-4872
-6949
-2626
9026
7134
-1844
-4760
7948
2163
-1414
-9129
6041
-5378
-6233
-2157
-5978
-5578
758
-290
-5707
-4626
-3426
8166
-9863
2969
-4894
-6792
-9199
-2523
4476
6448
-3684
-7253
-584
-1959
8651
-4025
-7993
5840
-143
-86
435
-7446
-1278
-5519
-3024
-8358
1019
-3535
-6378
3693
-6178
6003
6092
-7913
-4413
-413
1892
-8367
-8631
-659
-851
5762
-2317
-8288
6950
3838
-5359
-8489
-8208
-4949
-2245
8698
-9305
-3189
1956
2335
2355
55
-6418
2964
-8644
-3350
-7717
-6655
8347
-5312
-9084
8808
7541
-5477
-6321
-9424
-214
-5682
-6245
-4572
-8500
-2891
-4611
-4939
-5488
1763
-6834
-8505
-5856
-2495
9575
-2358
3544
-7948
-3611
-6392
3087
6624
2673
-2337
9045
1513
-5082
-4785
958
5056
-1913
-5096
-419
2428
5628
-133
2709
-2872
-4266
296
109
-1825
-617
-7205
9348
5430
-2608
-6081
4356
8216
-5815
-3179
6200
-3117
1673
-6726
-8704
-8582
-8019
-7869
4839
1637
-9668
-534
1901
2645
-5539
-1329
-1528
-7137
4200
-6758
2099
9801
-6408
7519
-2405
1070
-7861
867
479
-3095
-2685
2531
-8131
2094
-4819
3445
2856
3804
1029
-88
-9866
6835
3671
-7310
288
6369
-5751
-7479
-9524
-9791
-3179
3346
2470
-4539
7519
-2375
-498
1844
828
-4994
-523
-7441
-3814
-3365
-470
-6150
3841
5498
1648
4151
-7885
2120
8822
146
7804
-8043
-5376
-1690
-9884
-9169
-8566
-8010
554
-5897
2320
1759
-8753
-6191
-8828
-3441
3088
-2022
4619
4629
-7659
-7934
-4829
-1028
-785
-5359
-8059
-1520
8128
-1716
-6099
5228
8885
1467
7734
3726
1721
-8246
2314
-2041
-8435
-7568
152
-5860
467
-4495
-4731
-3511
-8407
-3458
-1720
1409
1854
-2270
7507
2909
2079
3969
-757
596
-747
505
-7836
965
2283
-9460
7080
8416
-5681
2179
-2125
-7972
-6459
-7927
-8122
-6938
-1838
-9121
-2821
2599
-2828
8114
7480
-8261
6396
5732
-8193
805
2427
6164
-2899
-4090
6808
5786
-1342
-7894
-7420
-6381
4766
-8508
-1232
-9504
-6100
-6661
-4452
-2585
5284
5061
5684
2371
8845
7250
-1834
-3076
2174
-7764
6007
7982
-2863
-2500
-7768
-8209
305
-7919
-590
-9066
9456
4159
-6422
-9739
-9697
-7389
-8481
6601
1665
-7571
1401
-7564
-1672
9984
4448
-9912
3234
-7502
-8936
-7673
-1337
-8870
790
-407
2513
9229
-81
3774
2750
-4387
4043
1492
1653
8493
-4477
5147
-2154
-9725
-3672
3591
-8234
3995
-3101
4534
-6389
-4546
1472
-7758
-5663
-2672
-125
7098
1718
-1105
-9085
9949
-953
-5317
-9641
2918
-9793
786
7756
-1027
603
-1060
-2119
8077
6187
5232
2548
1602
-2474
-2036
-1244
-4842
-8861
7946
-3397
-819
-8363
-2349
-481
8061
-3080
-7917
-5082
-8367
-6662
2256
-2359
2384
-8613
725
-9573
-6375
-9018
-6507
9330
1202
4291
-2931
-2106
-8798
-8410
2889
5668
9180
-9973
8937
-4712
-6180
-3292
6309
-7568
-7306
-8911
558
-3068
-2962
5778
6198
-7697
451
-7592
-9198
-9694
9968
194
-160
-5001
4564
-7000
-1308
4620
-4465
9329
2553
-1688
-1713
-2135
5989
-9727
9516
8312
5834
-796
-9168
4620
7494
-4376
-3780
-7752
1522
-7603
521
5730
-2001
5704
1257
-3337
-4637
9234
-9448
3330
-1985
-3894
8177
-7332
-7868
8284
-2409
3046
-28
-7329
-6110
-2699
2926
7935
-2573
847
3844
793
6276
7956
9102
1360
-8889
-484
4309
-5004
-3283
8138
-3927
-4408
-3320
-1833
1795
-1433
-8561
-8207
9267
1925
-3745
2442
-464
-810
-3929
-2744
-6027
-2358
5317
7746
6641
2304
-6964
-9172
5042
-9861
-6904
1041
-9430
7696
-155
-7675
5975
-383
-7186
5042
4571
-7248
-5326
-2087
-9780
2029
-372
-7972
-591
-6160
1155
1078
-469
2093
6926
-2067
-6541
2852
3836
-7413
9604
-1097
-7533
-5013
-7367
610
-9897
-978
7702
5000
-7762
-5576
-277
-3927
-9566
-3975
-743
601
-121
-2044
-5138
-1003
-4260
-2842
-2921
-1264
-7433
8666
2421
3500
1981
-8489
-19
5967
5872
8973
-2042
3381
1228
-4783
-6417
-4287
2290
-4108
2880
475
5543
-613
-734
-6668
7063
-1749
-5520
-2898
2399
2147
-673
7003
4905
7375
-2275
-7390
-489
-4166
-2473
9929
-3227
-3038
3485
-3219
-9845
-7245
-1592
-6120
8195
-3571
1278
3502
-9975
2279
-4403
-9338
3590
1112
7390
-3807
-9266
-7981
-7923
-9994
4490
-6635
4115
-3092
2738
5881
-1177
300
-6241
-9677
-9469
-3883
862
-1029
2829
1905
-6937
-6806
9934
-4470
-6290
4
4997
-523
9754
-6156
-3968
-2856
-6443
5471
-5337
-1624
4227
-3885
6879
3188
-6058
4702
-8154
1345
8833
-3868
-4574
-4940
523
-3309
-4510
-5191
5127
-4781
4408
-7465
4099
1658
-562
-9652
-1797
6696
-3841
-6343
5179
7759
-488
8125
2139
-3023
4618
-8928
-3093
1903
1501
-4527
8052
2274
7811
114
-2180
-4700
9200
-6574
-7799
8945
6341
3325
8491
-941
9524
-5874
-6061
-5448
4065
5038
1416
-7607
1511
-4457
1372
-5288
9243
-1446
-3079
2583
9620
-1854
8130
5106
-9365
-2152
-4297
-2028
926
-8791
-8
-7316
-2085
-3228
-2609
-3883
1084
-5719
5385
4177
-3408
-9347
6819
-6089
-1991
7843
-9813
5488
-6791
-9079
-4761
5630
497
-2562
-1871
92
-7070
5964
-6908
3371
4568
-5341
6557
458
1861
116
-4423
-7768
-1422
7329
-4988
-7497
-3341
-4528
-5324
7874
-7782
-5785
9204
-2656
2287
-8172
-5378
3721
-2945
-5525
5003
-7128
5971
-3304
4877
-8814
-3518
-4343
603
-139
-5784
662
-3441
-4940
-5544
7934
8718
-6125
7731
-2707
7014
-9136
8112
-6934
-3077
1264
-9980
-2236
-667
-2207
-9790
-4236
-4714
959
-7357
-6591
-7016
7665
-2811
837
-2339
1430
4335
-8689
-2949
6052
7036
-7254
-787
1743
-6186
6751
125
-6743
-4478
-746
-8564
-5430
-5667
-7486
-3162
-2961
-3258
8094
6171
-727
-9155
-5997
2543
1775
4138
-1190
-8851
-6893
-5121
5036
-6429
443
9858
396
2632
-271
-7770
75
-6492
-6315
-6021
-3151
-5749
-2475
9862
-9003
1640
4444
1424
-3598
-5568
141
-9915
276
-7048
1811
-8298
-3658
5135
7476
-3710
-6833
-1393
-3802
627
-6805
9164
-3901
-6390
6330
930
-963
-1761
-6395
-6302
7799
2853
8198
-8557
-3219
-5110
-6857
1970
532
2119
1323
-7652
-1208
-8810
477
-2258
8994
-7681
-5658
7850
3369
1209
2673
-7588
2057
9132
-5356
-2339
9994
-3845
-2440
-4006
2170
98
-8069
3758
-6451
3005
1687
1331
2054
-7990
6306
-2398
-9707
-9169
9176
-9489
-7708
5567
-1676
-3209
-5267
8697
-3194
-8894
2383
3281
-7486
2176
1024
-3660
2132
-7528
357
1701
8382
-6238
6337
8558
-5382
-880
-3509
-3564
-4480
-5676
-5087
1321
9615
-8195
-3357
872
2180
-8636
4092
-1188
-8913
-9210
4796
-6142
265
-5549
2091
-1200
-4512
-5945
1185
2776
-1739
-3562
-3309
-1499
-7963
-1874
264
-5681
2092
2391
-491
-8020
-1814
-6593
5959
1924
8573
-2700
-8197
2506
-840
7665
-5577
6441
-7243
1500
-3054
-5060
-4988
-4914
-6346
-9952
-6583
-2797
5483
-3284
-572
725
8906
-9342
-6321
-7882
-8040
7361
-6736
6685
-5674
-7047
-7002
-9231
-6283
-3411
-3354
-9720
1032
-7317
-5718
771
-9636
-3077
-5464
9492
-8595
-9211
-1471
-4253
9072
-3221
2556
8880
-6347
3765
1842
-6376
-6061
-9361
4140
-4642
-5060
-1262
3786
-5022
-528
-1365
8387
-2155
-968
-2447
-1868
3985
8147
-9991
-2892
3554
-1750
7283
-7191
6026
-2390
-3574
-7433
7971
4852
-272
-7331
230
-4627
-7011
-5149
-6197
-3300
-2635
-5139
3569
6965
4843
8438
-9151
-5297
-6204
-4039
-8402
-2885
-5316
2225
-5793
-2887
654
-7868
-7566
9508
-4145
-6340
2968
3021
-9284
-3850
-475
7216
-8555
-1347
8748
2083
234
-7013
9989
650
1110
7302
-8495
-9964
235
-2207
-7199
-7648
1131
-8634
-2027
1088
-7425
-324
-830
-3039
-573
945
-3274
-6680
2208
-3194
-4929
-5791
-1729
-284
-728
2036
-710
-2247
-9116
7707
-2506
4701
-9455
-1105
-3763
947
-1708
2729
5394
-4775
-3508
7912
-1969
5915
8101
-6803
2896
-6782
-8313
-7217
7461
-2476
-8067
-3413
-2877
-3040
9577
1084
-213
1584
4410
-5365
-6255
9569
7654
-5751
1717
8345
-5265
-1859
-8491
-4587
2057
-40
-7452
5221
895
-7539
-9990
-3212
946
-5850
-6959
8492
-3324
-6093
6887
5752
1749
-7777
7528
2503
-9781
-9337
-7922
7292
-3433
-7989
9897
-4263
-4169
9509
444
8291
-6217
9785
-7800
-731
-4806
4493
3150
1649
-2818
3739
-8401
-8976
-930
-4316
5077
-9325
-9770
-5209
-5610
5833
3939
-2893
568
-7531
8913
-1734
81
-8291
-1514
-3993
-974
-570
1436
1809
-862
-4670
-9859
-1648
7152
-5759
-9035
3568
-3677
-6259
3157
3524
-8333
-1702
7346
-1701
31
795
-4539
-7527
-4716
1683
-5802
-7328
6582
-9557
1108
-2162
-5155
-1909
-5632
5100
3292
-6492
850
5827
-8984
8521
-2019
7537
-4582
-3608
-5523
1755
-9205
-6667
-7759
-3100
-2582
-1625
-2113
-5407
-9076
-4801
1523
-9404
2559
-1043
-9159
1760
6885
-4489
-7412
-8339
-6566
-494
-8831
-1975
674
-3405
-6497
-5821
1464
491
7312
1265
-3707
8014
252
2154
-7169
-6541
-8652
-4911
4648
2498
-9364
-720
1715
4331
9100
-9979
-1710
-619
2922
-7392
-6648
-6441
4752
8783
-8255
-7448
-3773
-7791
2053
-8548
-8091
-4335
6153
-8983
7996
-2507
-6904
1000
-8050
-4459
-9458
2275
875
-3863
-7234
-7989
502
5895
-5332
-630
-4387
-3539
-7092
-7432
2919
-1511
-3215
-304
-8335
-5024
-7443
-5243
23
-9345
828
7474
8280
2059
-8886
-9521
-2701
2384
6856
2442
-3303
-2311
1571
278
-8833
6444
-1445
1597
7730
1913
2511
733
-5970
8561
-7497
-9455
-4017
-5061
-7276
8717
-2326
7429
-597
-8275
-6506
-4200
333
815
8208
-754
1534
7360
444
-9368
-2066
7477
1487
-3011
-8886
-4134
6990
-467
-1354
9553
2415
-4097
-1924
6836
-7832
-6969
-2686
-8293
1321
-4567
8954
101
1152
-96
9212
-7313
-7480
9078
-554
3371
-5954
-931
1571
-2451
-4946
-3359
-5732
6728
-6535
-8237
-7187
-5576
1138
-3255
-8695
-6015
-6140
3760
8866
-6759
7226
-2090
-4815
-7392
1120
1900
-2179
-7623
-411
-4146
2394
-6733
2853
-1023
8911
-5494
9733
-7232
8572
-4819
-419
9521
-4646
-1955
-9700
-2725
5222
-608
-7416
-2663
1529
-9874
-5147
-878
-6502
-1528
-6085
-508
6777
-8237
-3568
-958
9105
-3709
-968
3741
757
-6511
-7880
6531
-8496
-8558
8417
-2706
4391
-4055
440
-4231
-2982
6906
-6081
-9681
-8301
-2463
-7595
-8409
-3778
-3868
-7592
2258
4470
-4441
-4595
-2571
-4766
897
-125
-3083
161
-3060
-2445
-5422
-9758
-5058
2635
9750
4120
-5217
9132
5997
-6420
2358
-368
7734
147
5181
-4881
7162
-1855
-6756
9059
-2819
5374
1308
-6230
-237
-6632
-2476
555
1172
1785
-7104
-9891
-7117
8891
-3972
-2745
-1043
-713
2989
-2847
2749
-6810
8027
-1694
8184
9892
6663
1436
7637
-80
-6086
6977
-5813
4504
-614
1355
6882
-6982
-6939
8602
-3420
-4699
9466
-4641
145
8480
5330
-9286
-5603
2415
-7115
-7682
9077
-3408
2642
-3586
-6788
-2739
2888
-8702
1376
-9810
-3007
1627
-3225
-9812
-6998
-1576
2347
6158
-1923
9430
6152
-3539
-6884
383
8852
6971
-8377
1036
4654
-2366
-8667
-7122
-5414
8690
6916
5548
-3764
-2570
360
-6612
-2238
1766
-515
-6408
-3082
-8702
-3502
-486
-3724
3390
-9342
807
-756
1562
-9613
8230
5280
-750
-8797
-1401
1255
-8675
9088
-3115
9908
4082
-1993
9652
-6388
7816
-1585
-2111
7204
-8385
-6858
1344
164
-9981
-6788
7897
-5720
-2223
-194
-7145
8149
210
-6587
-9317
3969
9904
-1486
-8335
368
8711
-1327
5597
1162
-5703
9525
-2211
8041
-2551
1988
-9046
8365
-6365
-1070
-2593
532
1847
-4083
-4421
-4241
-689
3736
-6419
-2963
9792
-5605
6567
477
-5094
-4489
-6381
-2733
-4442
-3490
1774
-4504
-4976
-2939
-3088
5160
-9628
-9453
-1461
-6299
-3050
1500
3256
5618
-9947
6385
3309
-6098
-5088
-4585
8880
-5283
6538
-3334
5138
-8611
5466
604
-9803
-4299
-1820
-6447
4145
-621
-8354
5423
6325
-4752
-3297
-7010
-8495
3926
-3453
248
-5580
-1276
-3243
-9715
6098
-9843
-4339
-1275
-8536
-7062
-5545
5325
2691
7080
-8586
3114
5023
-7007
-3800
-878
-1525
2004
6477
3099
-2316
461
-126
-5549
514
-6458
2641
-1743
-2915
-4973
-912
587
-5069
-5769
2334
-471
-8064
-4675
3634
9371
-1277
-6586
-2183
-7353
1304
9406
2555
8135
6503
6353
-1246
561
-6700
5891
-8906
-3275
4965
-1922
-3158
588
9785
7110
-6979
8626
9531
9620
5401
140
-8453
-2624
-8065
5100
7004
-9952
1128
-3042
-7096
9842
-2044
2809
-1302
-3564
-2587
-2504
2303
-4260
416
8911
227
1317
-4012
3222
3410
-570
-4925
-6967
-8881
841
-505
-2381
5607
4762
-9462
-5591
-9966
-2337
7501
-8685
-6726
3847
-5270
3728
-5729
4518
-9983
-2726
-2757
-2849
140
-7066
-4062
834
8310
2418
-499
-614
-3219
3578
-4809
-6560
3410
7178
-7162
562
3930
4792
-8177
-9273
14
1904
-6253
-1627
-5319
-8460
-6066
9420
4892
5247
-2511
3606
1410
-3674
4943
9698
-1031
-180
6421
716
-5952
-2677
-5091
-6016
-8833
-8459
-8444
-7504
9909
-8958
-7653
-796
5911
4127
-1988
-2222
3989
5261
-7332
5457
-3779
-4019
298
4295
1445
-555
7117
294
-9946
-2647
-4048
-7135
-7738
4166
-3993
-9935
-4584
-2881
-2040
157
-5947
-913
-6915
-5922
-5108
8133
412
5530
-8921
-8797
-4108
730
7888
-6740
812
281
-286
-4518
-1691
7741
-6650
625
6697
-2845
1191
-7630
7422
-2467
4037
-464
602
6081
785
2152
-2978
5658
-6411
-5013
9341
801
-4010
1279
3293
4370
-6536
-8216
-6241
4504
-5473
-9536
-9662
-6294
-9667
-1074
7908
-454
-7159
3031
6826
-6741
-3701
-9137
-6847
-8093
2305
-941
-9658
-5791
28
505
-3387
9105
1005
-7001
-3938
-6242
-3777
6532
-8243
-7160
4742
1547
-5176
886
1111
-3705
1194
3405
-1930
-2692
-6605
-6560
8407
-9310
-5592
2220
-1410
-5768
6270
-675
1930
4184
-836
-1102
-5517
-3291
4128
-7160
-1937
-9367
-7461
5811
2524
-5114
-6174
233
1017
-6780
517
-3259
-4491
9196
575
-8534
-980
3990
1043
707
-6002
-605
-6004
-3916
9476
-5266
748
3275
3630
-4418
-6613
8281
3342
-797
-6572
-4193
586
537
3670
-9043
9549
-594
-2276
-2264
9871
-8949
-518
5579
-1803
3246
9324
1232
2365
-2600
-3016
-6642
-8524
2852
-4228
-28
-2104
-7138
-3226
-6698
6116
9333
2399
-7369
4952
1386
-3347
-1175
-9638
1003
-2985
-9086
-6359
-4700
-6199
3983
5691
-2604
634
2301
9134
-8834
9132
1044
-8032
2915
-9004
-1401
5576
-9845
-2342
-5080
-8166
1801
7012
3491
2191
387
-657
-9373
2344
-6620
-6756
2039
-7375
7200
-9579
1435
-9054
-942
-5753
-177
-5236
3682
-8625
-2707
-847
-8720
3836
4474
2742
1901
-6319
-9894
1173
-6167
5483
-7001
-7818
6090
-5724
8646
3008
1123
-4680
4914
-8536
-2397
-2266
-6279
-5194
8364
-5448
1584
-1442
-3704
6152
-5950
-7375
758
-1478
2020
-8454
2603
-3249
688
673
-9831
-4389
-2353
885
-121
-1741
1719
-7672
-1972
8334
-5417
-2949
-9801
-7133
-7886
-6661
-3636
-7239
-7223
7597
3193
-897
4283
7206
606
4409
304
1917
-7633
1982
-1548
-7900
-765
-6915
-8671
-3500
3206
-1466
-5824
-5558
-5654
-8569
-7566
2353
-5724
1685
-22
1245
3324
-3729
1536
2271
-1380
-2626
9215
1880
-5171
1504
-1436
2630
-3104
5989
1741
-5849
369
-1288
5351
-1156
8650
-5086
-3095
-9585
2306
-52
-9974
6416
-6349
-1211
-2131
2915
-8511
-701
2333
-9249
-4806
9612
-8905
-7440
-8885
2166
681
4702
1958
-5874
-2844
9682
-6808
119
-4346
-4491
-3907
4883
-3717
-3461
-7711
-9499
3559
-3935
8810
5817
5667
5204
-7677
-6052
-184
5586
-7172
-6799
-1270
4852
-863
-1660
-4825
-9236
6154
6015
5088
-8758
1009
1118
-4408
7398
-1752
-7042
-1990
2202
490
-4101
6640
-1330
2003
-5158
4273
6360
8205
-8092
-3958
8802
9803
-205
-3584
-4242
-520
-7374
7974
3992
6450
4481
-5814
-4453
3572
-7656
3157
8727
-1039
-7604
-2255
-2447
2953
-4235
-2483
444
6613
4975
2849
-5674
-3740
1056
-7829
1269
-2774
-1282
-3293
-2492
7480
-23
2412
-4663
-122
6620
-5879
1771
2616
-4918
980
-5744
3842
5188
-2294
-1397
8771
-6856
-921
-4620
-3914
-1470
-8422
1209
2833
-2212
-2158
-8362
6278
-8137
-8519
961
7687
-6770
932
9067
3538
-1737
-4409
482
-9208
-2561
1868
-710
2402
2062
-6104
9357
-2049
5138
-8379
-1986
-3294
-7911
-5563
1575
-2052
220
3497
-5364
6500
-2907
874
-565
1100
-7956
1684
-4479
5657
1213
-4151
-8055
-6199
-1827
-2263
-2021
-8551
2484
-9418
-7553
-278
-7738
-7152
-3803
351
-9027
3658
-5849
-6386
-5012
8053
-1699
7502
-4524
7744
-9589
-7595
-7735
1924
-7177
1765
4306
2106
6118
9957
8399
-9328
6718
6159
7422
284
205
-7480
-5378
-7663
-3381
-1034
2005
-7505
1829
-8948
-2320
9536
-1550
-8278
-4887
7041
6599
6564
-8977
-3683
-7597
-7009
-416
-6337
4356
5090
-2888
-7062
-6488
9004
-654
-3454
-5349
4003
-2557
2605
-4546
-4372
2443
-4770
2723
-4831
-9294
3378
-3021
-31
78
9205
6569
-6077
-5597
-3066
-8227
6061
-6642
-7454
-9529
1482
-7099
-4098
1380
823
9464
-7762
-5262
-8960
-3398
-4723
-6750
-4819
2118
7169
815
-7147
1594
2418
-9206
348
8713
5701
-8648
-7654
9777
488
-3778
-4999
-4857
-5428
-7557
-9374
2236
1107
-7818
2522
4954
-9813
-9190
-5813
2031
-614
-1664
-867
-5940
-2598
845
206
-9775
4137
1180
-671
2563
1783
-8323
-3856
7933
1098
4348
4969
-5745
2114
-4825
470
-3293
9205
2794
604
7262
-224
-4323
1512
-155
1372
-5950
-2008
40
-9481
647
-2985
-7332
-9346
-8334
-9319
-2557
-1802
2430
-9455
-7983
-8010
-4703
8423
-2319
-5265
6033
-4596
-6972
-3448
8934
-5595
-6195
-8589
-8160
6468
-9784
-7685
876
-1069
-9438
-2340
-1181
-9420
-6490
-5734
-907
-691
-2093
2249
-4572
-6177
-2474
-5134
-5707
3418
-7788
9625
-8990
7340
7497
-1386
-5903
-3906
-3730
-3473
429
2786
-3264
703
-3991
-3577
-4065
5461
-181
6352
6293
-860
-852
-2588
-2759
-3272
-583
-3128
-9391
-2234
7102
-6391
607
1160
-8669
6334
7062
8263
-4907
-3795
2315
-5190
-2197
7885
2579
-7571
8258
5005
-8631
7110
-9433
4530
-1389
6853
9760
2791
-9763
3753
67
-9137
4238
-1094
37
2717
-5638
3044
-7621
-2807
-8972
-4221
2042
-197
1097
-260
4483
-4373
-3959
-7502
6972
-9654
-8119
-8712
-5089
1762
1477
3621
471
-1157
7658
8166
5514
-9345
2034
-4391
-44
7296
-6289
-2762
-9069
8408
-8946
8849
-7160
-9679
-2253
-6946
-2086
-5371
-9459
1619
2048
5419
8454
-6763
6393
3912
-42
-6933
-4165
1802
-5469
8599
-4714
318
-27
-6330
-7439
2263
389
-6042
-8238
-9552
2215
-5735
-3003
-3211
-8336
-9721
-291
-8347
-9854
-393
-3305
1554
-6426
-3551
9951
-6708
-4691
-3776
6485
-4802
-8139
4708
5840
374
-848
-7540
-8669
2603
-2365
-2788
-8961
-4232
876
-5469
-966
-4462
-9016
7969
6705
-6256
-7019
-9079
7432
-2612
-4300
-87
215
-5802
8369
-1238
-3639
-6308
2150
-2829
-3906
-6675
5788
-5709
3061
-3867
-2574
4799
9094
-5027
6819
-1512
-8751
-5972
-7421
-1839
-5635
-1138
7820
-9807
-1445
9919
-9674
-5295
1516
7374
-7669
-1772
-2814
-7987
9405
462
-3638
5358
-1553
-6652
-4917
-3733
-5061
-9993
8714
-6588
4947
5153
-9681
-211
2057
-7776
-6614
-5815
8557
2227
-6792
8979
3382
1861
2339
-9989
-1725
2341
-6008
-2278
-6398
-8227
6653
-2595
-6415
6756
-4718
9254
-2078
-83
-3145
-1580
-7484
-9052
7934
7647
-703
4249
-6911
8872
1443
-7365
9545
-2769
7835
1736
869
1287
9634
-3772
-9343
-3256
-3778
7624
-3333
1318
-7221
-2019
-9618
1406
-971
9866
-9838
1013
-863
9705
-3676
-3674
-5387
-5120
5259
-4238
-9388
1039
-8205
-2594
-7381
-9818
6684
4058
7725
9657
-6697
9540
7483
-7211
7504
-3539
-2811
-6570
-5112
-2596
3479
1746
2213
-4110
5071
-5640
1036
-915
-9110
5791
-1396
-3086
-214
632
-9730
3365
-4591
9605
4589
-4069
6223
4269
-5870
7697
-899
304
2721
350
5864
4152
-3384
-5243
-302
178
-9258
-1967
-9835
8027
-6308
315
8683
-5858
-1232
9133
3339
-5219
-2474
-3732
915
5134
-9214
-9040
3918
-8120
-8583
2873
-8466
9757
-9960
-1986
-4263
-6933
-8841
-1722
-7921
1869
-9584
-6664
-609
-8777
6459
-8296
-4418
-3581
8316
140
-4768
4263
-2273
-9891
-8486
1223
3938
6886
4723
1713
-8780
-7676
6742
-3771
-357
-1834
-9436
6038
-7044
-3327
-2414
720
-8872
4148
-4398
-3656
-716
3308
-4852
-935
-6022
6872
80
1725
2819
-2753
9392
5051
-5900
-3809
-2331
-5136
-7093
-6629
2652
-4173
7574
-1266
-9715
8034
4225
420
-1912
-4514
8633
7560
-5993
-1279
-9045
-7520
-7555
615
-2288
1014
-3451
9992
-1944
-2661
-7304
3121
1027
-4952
-8625
-2929
9159
8933
5930
-8789
-2132
6863
-3873
-5803
-6742
3890
2488
-5117
-6089
4351
-5066
29
-4723
7706
1274
-4910
7337
-7597
-7740
3760
-3527
1175
8319
-2576
1397
1606
-9356
-2988
431
-5238
-9722
-6699
-1272
6143
5505
-8453
-3870
8758
1191
-5818
2110
-2721
3830
-7883
-2339
-7997
-3063
4776
-1334
-8846
-3878
7900
2715
6844
4649
3744
8819
-2300
1570
-4761
6027
-7790
-7399
8509
-4719
2151
2650
-9960
2226
2294
575
-3089
-7467
-7215
-1503
9775
-7001
-7710
3474
-1493
6142
-1698
-6775
-844
-3561
-1966
-1183
6122
6596
-7322
-6340
4177
-6973
-4540
-8693
2567
-3185
-8624
2450
-8491
7007
-8164
8520
-6844
-7519
-705
-5379
1363
-6672
-2749
-6338
-6617
-567
4093
2717
4449
-2153
-1502
9453
2389
2192
-5961
1547
-806
1823
5995
-6460
3934
2316
-9407
6611
9660
-6287
3088
1641
-4273
2350
-5554
-6990
-9047
162
-535
9014
289
6840
7993
7165
2571
-1249
3123
-8843
5867
-7234
-8737
-6086
296
-6647
-3572
716
392
462
7490
260
1138
-1102
-5417
-7476
-8775
-9471
-7673
-5943
1724
1093
-1185
-7456
-7165
-8114
-1321
8720
2488
444
-5909
36
9201
-360
8580
1164
6599
-5370
-7793
-2550
-4787
4092
6202
875
1699
-341
-7843
-6440
-7192
-3196
-3758
-3956
-209
2559
779
1540
3958
9495
1283
-5344
-7725
8594
6423
-6305
529
1063
8367
2222
-7078
449
6079
2632
5462
2976
-7149
-7244
-9965
-8064
5543
339
9124
-2112
-1290
-4865
-2386
475
3671
-9045
-5152
4281
-9853
-9869
2948
-8886
-6503
-1521
-3757
-2256
7752
-571
-6803
-8321
1920
-8884
-3543
-3424
-4461
9156
9484
-6082
-995
-8343
-2923
-7046
-4067
-149
-3874
-4866
-1366
-4449
488
-2213
1599
-7343
-9841
7533
-4001
9467
-7937
-5444
311
7483
-1241
2504
-1858
-7970
-5455
-4248
517
4612
2485
-4600
2409
-8355
-7101
5339
-1138
-1702
9835
-5391
2411
-1180
-1415
1255
2880
4868
1440
-382
5741
-9525
-804
532
1603
-1035
-8882
9352
-2946
-9528
-139
-645
-5683
-2918
-5577
-6040
-1548
9341
-4456
2539
2131
9236
-3815
-5251
-8188
228
-6598
4549
8748
1747
-5507
752
1835
6826
9874
-5601
-1898
-6722
-9107
-6974
8266
-6959
796
-667
1623
-8653
-4679
-5047
961
812
-2245
-5486
-4881
-3458
-9967
-2518
2012
743
-4239
5532
4876
-3835
-8337
6562
-3774
-7427
-2647
-8186
-8968
6013
8875
9347
-5785
-4928
6768
8395
-5369
8370
-156
-4657
-7235
-9131
-1166
2618
-1874
3683
5341
-9187
-4517
-9931
-6326
-6541
-1080
6115
-7300
4286
-773
-3956
-4085
-9105
-1936
6809
494
205
-9822
-6595
982
-2122
-3544
-9599
62
-126
6126
5822
8041
-9336
-6568
4777
-990
-2238
-6935
-7820
9
-5484
7752
1940
-3536
8940
1213
-4000
863
-4379
-1147
-4038
-1408
-4723
2558
850
-5096
-3952
-7807
-4120
-78
1068
-4934
-4816
-6044
-602
-7469
-6471
7051
-5344
8430
1488
-9642
-8184
-8075
6339
-2481
-3915
5394
-1759
1292
-2035
-8799
-6645
649
-9686
-7707
-8282
-6212
6399
-3845
-9938
-6457
-2475
-786
-4494
6188
-6278
3370
-5702
8414
-3330
-4687
-7795
1341
-9068
-492
-7340
2306
127
-6659
4536
-5447
1297
5963
2289
1551
1611
5920
1825
-1619
-8951
-900
8861
-315
-6076
-3442
-690
9834
-4530
-4128
-1738
-6077
-6012
-6948
1750
-3870
1601
3953
-624
-3628
-2284
-6070
-9078
6258
-1321
-630
-7116
-4706
-1224
-4426
-4278
3218
1819
1005
-4997
-5485
2722
5154
617
3782
-3830
-9117
-5516
-956
2874
-6184
-3725
624
-7816
-1006
-989
-6263
4348
1633
-3357
8571
-5430
-4825
382
4347
-8039
-1010
-534
-3374
218
-1704
-5359
-1159
-3083
-4109
-3345
710
-8490
9527
2683
2182
135
8137
1737
45
4576
2046
-6961
7530
8830
-3480
7975
1917
1423
8044
-9324
-2483
-2602
8435
2313
-4810
-8083
2145
-6489
-1888
-4409
-7510
-2780
-3978
-7593
-1691
9396
-4684
-9641
1081
8995
-4894
-6238
-258
-3009
-4481
7746
-8504
-5600
-5022
-9681
7390
-3518
1022
-6439
73
7791
-3483
-7714
-5357
-4764
-4816
-1633
4271
-2988
-2790
-4359
-8748
-954
-8333
2510
8849
1478
310
2723
2395
4285
-7118
-9008
-471
6903
-9775
2036
-923
-6068
-1514
-3930
4604
932
-760
-6380
-7372
-9742
-9681
-1819
-6616
3299
-5508
450
-1170
8412
-1971
-4971
-5065
-6947
-1583
303
7836
6221
-7799
-5455
-812
-2030
-3313
1508
-7348
-6786
-1826
-2743
3857
-4498
3014
-392
3854
-2025
-4345
-4254
7582
-6212
-8125
-4229
7962
-7845
-8630
-2028
-6028
-8144
5980
-9428
4809
-6310
-9299
2156
1872
1593
586
8903
-2057
700
-1477
-6168
-272
1241
8520
1936
-9176
6301
737
-2146
1913
-6780
-5608
-5302
-5217
-9941
6067
3637
-4880
292
7807
-5469
4042
8234
-9753
-9112
-2652
2198
-7005
3013
-2606
9584
9847
-9718
-5821
9387
-2539
-1850
5258
-662
5283
-2626
2560
-3225
8099
24
-8119
-5739
1133
-4067
5909
-1565
2496
-2661
-7289
-1787
-4357
-1647
9915
-3217
-5047
5094
6498
-1822
7097
-1125
7538
-7318
-201
1026
2555
-6459
884
9423
-9762
-566
7307
-6833
-646
2017
-7007
-683
-537
-6602
4139
1085
-25
-4588
5269
1002
-4999
14
-418
563
-1104
-4551
-4599
-9282
-7038
5377
-7949
-5268
-5434
4955
-8992
724
-3207
-619
121
-3692
2686
-4298
9945
-6747
-3791
6563
6148
-9681
-1323
-1568
-6789
-2466
-4663
6361
-2802
4531
2980
-2817
-8239
-2529
3680
4918
-1005
-1334
-6577
271
7595
-6984
6904
-3694
-4332
-9744
2109
-9955
-9542
-3944
-5062
9747
-2572
986
3638
3760
-1802
5493
4786
-6504
2975
-3729
-9177
-2949
-9416
-8670
-8722
3027
-6337
-9147
-3359
-1461
-3842
-5884
-7451
-8602
4101
-7252
-162
-2336
-2354
-655
-5494
9038
-4858
5960
6131
5771
-9171
-4267
-8260
596
-5191
-2484
9247
-620
-3548
5044
-5350
158
-4355
-8218
-3517
3927
-7613
-2084
-3162
1820
3827
-8785
1768
-3709
-739
2523
-7863
-741
-4226
575
6644
-1574
-8119
-5879
-4273
-4426
-8379
8631
-4011
2547
-6944
-2567
3815
-1729
7257
-1133
1663
-7045
9377
555
-9819
-6532
7047
-9982
3013
-3984
462
-1699
5120
-3260
-8700
4327
-5120
-6427
6769
-1865
-3662
7845
6124
5205
-9231
-4416
-5743
633
-3905
2528
-9866
918
2873
-7202
4863
-2983
1352
-7958
-5783
-9556
7899
-7953
-8950
-7296
-9195
6543
1956
-6361
-3007
8179
-7218
263
-6769
-4440
-7950
6989
2525
-7358
-1438
1790
1643
-2105
1409
9208
-5509
-2551
-6012
2830
-808
915
-7649
-9291
-2796
-2522
-1766
5066
-2319
2468
-5469
1865
8352
-1203
-9848
-928
4431
-1624
-8605
-9336
9405
228
1880
-5871
1745
-227
-8001
-8066
-7122
-1210
3771
-401
-7393
-2276
-8813
5959
-6314
-7775
6627
2501
1532
-5714
-3160
-715
-6463
-7364
-9018
908
790
-8083
-59
9841
-6756
2730
-770
9720
-548
-2166
-6152
6994
-9160
-648
-8597
-8823
-5599
1614
7023
1030
-3445
-379
-7282
-1799
3742
-8431
-577
-6893
-882
2021
4784
-1805
5998
6078
1729
-4949
-9375
-3107
-5895
-9894
-5520
-9514
-77
-9094
-9597
-4277
-8518
-1441
-8087
7698
-2827
-7843
-5767
2587
-9596
-1332
-1472
7095
4909
-6999
9808
-6669
-7057
3901
-3425
-6044
1824
-704
-5421
-8185
3572
1217
8313
-2359
-1316
8192
2805
-4858
-2286
-548
-9155
5358
-5548
-1963
-1173
9164
-9011
5417
5704
2376
-1351
33
-2162
-5332
-213
-2929
1873
-4312
-8154
1434
1820
-5520
405
-8780
-6437
-4821
5144
1994
-4265
2737
-6021
-9592
4200
-54
-9010
-5709
9958
5278
-9584
-8428
5152
7661
-7443
-7806
-8112
2650
1514
-8235
4078
7376
6143
1086
-8958
9758
3717
-101
-9854
484
-4656
-7612
-6669
-9549
1565
6826
-3890
-1680
-5585
-6529
-1838
9209
2038
5274
2350
234
-5967
9940
9853
-9917
6200
885
3738
-6141
5618
-9033
-9839
9337
8332
-3488
1874
-7557
6346
7442
7245
-6348
-6369
-6422
-1990
-3930
-6627
-476
3194
-8409
-8921
735
-4388
7821
4270
-7649
-6690
-3407
-2375
-7656
1471
1485
-570
-2679
9068
-4439
8176
7464
1558
-1319
-9295
1084
7280
1759
-6487
-80
6933
-9708
-9697
-8376
-446
-6290
-7061
-7284
8849
5177
-1752
6508
5821
-7543
5912
-1564
-2042
-7436
-9470
6720
-4195
-9639
-5412
1403
-6858
-4443
299
-3059
-2014
376
-3578
4582
5507
-5948
3138
-6893
-106
-3561
424
2056
-6732
3033
-6324
-1887
159
310
4122
8164
-7755
9215
-2638
-6270
-1301
-914
9078
292
-1064
-4598
2495
8332
7598
9162
505
-9328
-3570
1917
-3640
4238
-2854
-1464
-1785
-8162
-8785
-6382
350
2569
-1684
-4865
-2807
-5092
-3786
-8778
-2311
9847
-8543
-6096
-7739
-598
-4218
-9653
-7079
5503
-904
-8805
-2514
-3687
765
2726
-4516
2206
2394
-1651
-4366
-3243
5097
5136
-9209
-7798
-6801
2570
236
7065
1809
-7356
-764
-2042
837
-7896
-5068
83
-1114
-9802
-6242
-4370
6380
9141
330
-7063
-5893
-4248
1509
8368
8700
-7892
-7824
-7948
-2614
55
-1455
9037
-2003
2307
-5299
-898
-660
1806
1816
-9350
-8259
8864
-7478
-8536
-3711
-2675
981
-9948
-1905
-9218
2808
5288
3182
7308
9230
-696
-8890
6701
-8025
-6493
1689
9586
3714
-744
-3185
-9777
-9486
-1194
-816
-9765
732
-9799
-1707
-8292
-2130
3219
-3905
-995
521
2567
-661
-5442
7166
-8581
7550
-7561
7227
-9777
8357
3063
3811
-9783
-6623
903
1891
-1259
-9795
-5450
-3293
8969
-2684
-9033
-453
3052
9363
-1179
-4310
-8903
-7990
-4918
-2367
-1633
-8346
-7042
-5244
-2833
6835
2165
-7660
-1201
1148
-7214
-6136
-943
-2746
-4545
2459
298
-6529
-9663
-280
-8770
-2989
-1465
-4388
5338
4735
2437
-6365
4164
-3898
1374
5829
-7658
-1431
1895
-8428
7208
6260
1770
2436
-370
-6123
-7416
5728
-4255
-5644
3426
-4174
8131
5599
-3944
-2134
541
5442
3445
-7163
-2645
-1057
5443
-8766
-742
7742
-3103
-7590
1841
60
-3137
-685
1231
3883
-7488
3635
-8525
-7078
-8480
-5135
-3456
-4848
-9032
657
1667
7553
9765
-365
-371
4315
-9530
5089
1862
-2560
8614
-111
-6234
-871
7708
173
2842
-216
-8753
492
-2229
-9409
9919
1381
-4441
6640
-3456
-5851
-7270
-892
-8729
-3359
4501
-3250
7404
-9082
-8231
-6301
-6875
5558
246
-6810
-7689
-6058
-3314
831
8597
-1533
-6218
1683
-9216
-1148
-9625
-4361
-7282
-8922
-8269
-5698
1428
-6139
-46
2357
7964
-9977
-2849
7058
-2730
2254
-921
-6267
-6345
-4308
-3646
2842
2015
-7623
-7976
3480
-9675
4900
-2735
-4922
-8137
-8282
-8567
-9954
-6089
7453
-4929
-2832
-3872
8919
-3885
-9968
-8295
-4692
4301
-5679
5549
-3949
-1312
-9847
-9721
5197
-3505
-509
1091
-6716
4338
-9460
-9309
-1896
-7182
-3190
4927
-647
1115
-5736
-4767
-6512
-7949
-7059
4656
-8349
-2044
-3304
9131
2490
-6909
3603
-1993
-2341
-662
1526
-4515
-9666
-7160
-1781
5262
-9540
-2979
3843
-2072
4969
-4801
7399
3839
-574
5666
-2256
7156
427
4373
-5925
-5561
-974
-2771
-1320
8375
-4648
7594
3650
-8931
-1230
-752
-7981
3263
2858
-7211
-9447
-4635
9580
8487
-7484
-5460
-1059
-7741
9347
-5187
-4050
-889
1069
1655
6066
-7635
-3294
-270
-7349
-8232
-9323
6309
-2996
3275
5189
743
-452
1015
-6901
-9195
1078
7902
-9995
4597
8186
-4013
-8711
-8232
1724
-7389
1605
-3580
1410
1554
4888
-557
3694
6055
653
-1803
-8456
-1750
7452
1310
7745
-1939
-4604
8157
-6270
2249
129
2345
6029
-567
1000
-3200
-6002
-8211
489
-4878
-3954
-3736
-423
-7653
-5370
-6357
8215
2735
392
5159
-6750
1564
4895
-9939
2128
-5045
-36
6808
3431
-7673
-2001
-6131
-2525
5313
-1931
33
-4521
2643
-7855
-229
508
-6685
-7107
-5381
645
-3062
-2622
-3429
-2637
-3052
4264
-6441
-1721
-2261
999
-9497
-4868
1393
8776
8532
2134
-2611
6439
-7126
-1068
1413
5814
-2421
-3699
-3791
-7607
-1180
-2661
9330
-2960
-157
-1359
-8648
-2240
4843
-2987
-5461
-8331
-2404
-9561
8686
-7204
-413
5256
-325
-4149
-8055
6329
-171
-7756
-8725
7296
-4448
6137
-8656
8306
-1593
-3615
8372
9805
2120
7054
-2808
-3387
7406
-7643
-962
-8093
3931
5528
2242
-8055
-216
1697
1702
4122
-4111
3885
2688
7288
-4277
-8451
-75
9260
-7561
9702
-9703
5549
8027
-4064
6702
2329
-626
-3010
7156
-5941
-3501
-8675
-5247
-7609
-4949
-8520
-5072
8695
3238
-2845
-9285
-3814
-9609
-8937
-9439
5499
-2668
-7637
-2541
-1183
-14
-4572
333
-1467
1747
7502
-131
6633
-4182
1932
7148
5223
-4846
-6709
-6340
1639
-669
-5506
14
-4203
-5332
2630
-2361
5971
-6022
-5104
7828
-9335
3737
101
-4181
8327
-5158
8796
-8492
-253
3067
4946
7
5572
2147
3516
-1255
-4734
-9456
-9542
3507
-4340
-1362
-4974
-8447
-9651
-3483
2388
-4270
-3638
-8289
2850
-9090
8942
-863
4820
-6971
-2554
7927
-1995
-3657
-7409
-1096
6772
-5737
2064
-7739
-1128
-6780
-1432
2196
-2028
7057
-9472
7408
7323
-5004
361
9113
3637
-1208
3080
-2608
-5518
-6838
-4307
5621
-6018
-5111
-3035
-6639
-9417
-8484
-4781
-4238
-3875
8628
-903
-139
-1081
-1228
4252
-3542
8380
-6852
6215
-9486
-6111
5487
1356
-2099
-9008
-7764
1909
-911
-7926
4865
8273
-2371
-305
511
-7793
-7696
-3220
-2130
-5004
-1966
6324
9636
-1979
1852
-4399
528
-7640
3096
-6658
-8833
4460
-5664
-1746
7865
7012
-6548
-6290
3723
-5767
-4689
-8301
5992
-5056
1954
-1300
2319
-375
1883
6170
-8526
-4262
-3071
2561
4369
253
-3358
-3647
-4988
-2315
-3004
223
3809
-1867
-484
-9498
-8870
-1483
-8549
5686
-248
7037
-8401
-4015
680
-8509
-3959
-9316
514
2973
7964
-8950
7026
4943
-155
-5330
-6782
5575
-8624
698
-493
-1302
-135
9962
7080
7405
2673
3447
1211
-6489
7174
5457
7374
-5401
2234
-2480
2762
-8157
9693
1675
1376
-2863
-2088
3043
1686
-2375
999
2658
2654
1068
235
5353
-8375
-4147
-3170
-795
-2467
-9191
-3608
-3548
-6269
-6684
6545
1734
-5820
2337
-2536
-4552
-9772
-9786
-7708
637
-2737
-8466
-4933
-3506
9540
-286
-7507
-8828
1391
-7821
2302
-878
2508
-6710
-7398
9241
-7736
-7519
295
9910
1242
1236
7847
2335
1074
2961
1809
-4531
3537
-1034
-3352
1179
2778
-6050
2569
-7694
8838
-879
-1213
2268
-3010
-8345
1998
-930
9156
-2872
9782
-6772
-5550
-8913
-2792
-298
457
2556
-5523
-9216
9506
-5215
-4243
-6758
-5467
-7558
-4850
-3985
4134
-2235
8461
-7593
7523
207
9455
9875
3088
-3860
1414
-2249
-1735
-4532
-9447
1737
-4956
-3574
-3007
1035
-2218
712
2191
-3050
7001
1720
1300
-9015
-8003
-5797
-7456
6335
-4676
-3571
-6644
-5786
-9533
2082
-8041
5328
8335
-8722
-3090
-5725
-1005
-5438
-5010
-4490
3843
-1638
-7285
-929
-3444
-579
-2607
-6362
1632
7741
1933
-2532
-67
9790
-8536
-333
-9115
3456
1074
1703
-530
2003
-6649
-2628
-5311
-7855
-884
-3989
-870
942
1049
-5605
5656
-407
-8291
-8936
-2960
-6684
-6690
-1705
9249
2425
-2878
-1342
975
-4339
-7573
948
-8568
3491
4165
-5662
494
-8022
-8668
-7842
-9808
2818
1864
-3115
8921
-7941
6277
8419
-8630
1179
4513
2525
-3572
-987
-6179
7477
4545
-4587
599
5374
217
-9742
-4463
-7478
-1874
1246
2219
-9090
-5272
-6769
-4043
-5056
3428
-8733
491
781
-4461
-5424
-6664
-7758
-7580
-8518
8701
1689
1606
9577
-4843
-6557
2761
-5288
-3462
-8840
-5851
1235
-1214
-5860
-7330
1499
-7505
5700
1989
-9332
-3131
6695
-9244
-7231
-8164
3671
-4142
4374
-4454
-9296
-6452
-2769
-2183
-3886
-1911
-5482
-1329
7566
-5854
8395
1679
-9412
1723
5463
-248
-2572
-9919
-5374
-2409
1243
-8210
-3292
-5637
-5283
151
8194
8710
-2980
5376
-686
278
-5015
43
5217
-5857
1618
-7846
-1898
-1932
-8615
-6668
-9869
3198
-2450
-1182
-3738
-6101
-3050
-8547
2136
-7763
6636
3340
9157
1088
2025
9064
-8754
-1811
550
-5182
8176
-8913
-8030
3272
-4937
1463
7806
-4061
8271
-2294
-1679
9957
-6340
2543
3129
-1759
3403
7344
-6386
5660
-5464
-3497
-771
-7230
-6670
7578
5205
-677
-6005
-9443
-6694
-8159
-5514
-1646
419
2379
4763
5062
-224
-8724
2186
1530
-8037
-5794
-8917
4365
-9501
4195
-8597
258
-8734
2117
6234
894
4634
381
3766
3954
9319
-4995
-9722
-4102
-2941
-4506
-9014
-2427
3733
2587
-396
6199
9184
-4773
-6544
-1397
543
2344
-5430
-6884
-8908
-3890
-4304
-3770
-1605
-3680
-8300
-2582
-4984
3397
-1321
-1777
-1465
-8205
-9405
-5266
7368
-5479
1337
-5105
2719
4132
3241
7632
3173
-2053
-2328
-4123
-3067
-1589
1886
3687
-2636
-2422
-768
5672
-4638
-2923
-8992
-414
-9202
1502
-7264
3514
1663
-6845
-7254
1857
-6418
129
-3291
-3943
-4407
-1143
-604
858
-4553
-9648
-358
-110
-1354
-1939
-1902
-1996
-2740
9119
-9659
2411
-1765
8206
-2941
9647
-6569
-1454
884
5307
-9549
-9671
-5403
794
547
-5083
-805
-8085
-7555
6390
-2612
-1124
-4801
1989
621
-4935
603
6425
-594
1196
5285
-4586
-9594
-5667
-3342
-7631
-9944
-1416
5385
2538
-9312
-5798
-4241
-6597
-7621
-8958
-343
-1585
-7136
-8789
-6463
6896
-631
3424
5414
-669
5548
-9054
7897
244
2072
-104
-3035
-3627
-8278
-1728
3214
5541
1336
6120
-2611
-8818
9995
-1313
5851
243
-4844
-862
-9429
-153
-8994
2277
-8994
-6143
323
4972
-9902
4079
6876
2197
4730
-3193
-4806
-4994
8852
-2233
-9733
-414
7894
-1292
-4937
6244
6730
-8123
-9670
-400
-837
-5211
-7943
-5184
1202
-7403
3357
-1441
-69
6832
833
-4504
7051
-3437
741
3066
5478
1179
-6533
3398
-7014
-6638
2304
-7419
-7439
1701
2704
8917
6185
-3817
-7560
-2631
-6757
1533
3344
2085
6019
5279
1634
-3073
-5504
389
8782
2943
-3207
-426
-271
-8777
9156
-8264
-8349
-9319
736
1085
2241
5622
-3510
-7871
6858
-7166
2321
-7412
-6483
8607
-4190
5504
3810
921
-5016
-7633
8473
-4464
-6473
7945
3184
2293
-827
64
-1593
-8841
-580
-1532
-4359
-8800
-1043
-2509
-763
-2279
3593
-6321
-2579
-9036
2731
-723
5504
3979
-8009
5048
6615
-7196
4616
-3670
-5978
1496
-8443
-9310
3118
-1035
2294
-5320
7793
5250
-9897
8074
-6905
6337
2764
-103
-6633
-6984
7955
-9418
2657
-7757
-3970
-1407
-8745
4805
-8446
-8181
-2249
717
6925
5502
-651
-9567
-3307
3132
497
-7354
9750
-8534
882
989
-5859
-8370
2805
7909
6592
4249
4988
-4773
-4463
-5150
-9108
7111
-909
2576
-4387
4756
-3860
-1981
3275
-9154
7708
-3796
267
-303
-7251
-6918
-7167
-2705
4459
6458
1591
-9006
181
-4772
-3607
2003
372
-3815
-7396
5963
-3059
-9898
3291
1976
2577
7428
-133
2626
-2436
-3607
377
1948
-6209
3394
-3727
688
-4586
1671
-2298
-9928
-2403
1553
1350
233
-9560
3802
-1684
-3788
2289
5509
-3294
-8050
5709
2206
-623
-2483
5410
-8191
52
2325
-7716
-1470
778
4915
254
-2749
8847
-2839
-2218
-2197
-1719
-3124
-4170
-6121
-4731
-1206
2846
-2704
5862
1329
9853
4480
-5772
-2196
-5512
-4129
-6790
3151
-6933
5779
-9643
-7115
-5839
-8969
-5433
-4025
8737
6587
3149
9057
-7944
-3540
-9424
-9361
-2086
-8043
-5088
1886
-35
-5498
9151
-4816
3296
9525
-3143
2191
-6663
-3645
-4485
-2970
-6249
1855
-7517
-4309
1702
-656
4664
1795
-3634
-4561
-909
-9633
-1085
-6828
-3803
-5268
-202
-5997
-6180
2602
3473
9222
-8865
-8422
9410
-6005
-38
-34
9719
2224
6014
-6726
-5012
-8816
-8184
-2751
-1952
-8842
-415
-9459
1296
-759
7498
-7024
5373
-3221
-3185
-7671
2286
695
1988
-6375
-9251
-5900
-6866
5815
-9523
8172
2592
5568
-4263
7058
8329
5811
-205
5675
2956
-5286
3755
5777
-4849
-8113
8237
-9647
-6055
-586
-4143
-3337
-298
-2961
3373
-1429
-8612
-1712
-1715
9564
-3468
9167
8103
-7972
-8687
-1443
-6329
-3956
-6619
-1000
-7789
-9670
2483
-701
-3221
-9721
5545
-2993
-2611
-3634
-6778
-6498
4965
-4478
-7806
-3258
-6855
9399
-2321
-6021
-25
2115
-9990
-5591
-6152
9703
9143
-9154
-7861
-5080
-9541
-1294
-9932
-1852
-2102
-1600
-279
-2174
-2219
-6955
9978
3496
-8963
779
-832
9363
-7237
8054
9946
-8128
5732
7039
-5643
-6732
-1082
8590
-8632
-4975
-9991
-7763
8235
4433
1680
-7703
-7778
-6480
-8553
-6532
-177
9354
-8292
-4118
1018
7655
7845
-4694
9582
1971
7177
9095
7609
8851
2403
-2140
2908
8916
-9630
1957
-5727
5991
8126
-9587
-7377
-3063
3697
-4122
-6981
-2231
1827
-3393
1730
-892
-7227
2904
6549
1684
547
-5439
-2508
-4025
-5965
-6048
6525
-7116
-9005
-8044
-6554
4429
2612
-6503
8265
-9714
-4145
-117
-8320
-195
9825
-178
-6639
1908
-3052
-2195
-5268
1885
-6278
-7005
-9133
8118
-4734
-6090
1593
9021
-2460
-9014
-4657
685
-8738
-1738
-3270
-5978
1190
1999
1768
5293
7542
-6964
3653
-6283
7915
-7828
2410
1116
-6062
1107
-1708
-8680
5667
-6219
-706
-6348
7337
2773
6920
-2410
-5279
-2708
-3497
-8572
-7827
-7472
-4606
5223
-9986
-3314
4232
-211
-489
153
-8570
-1803
-8586
6311
3115
-6969
-6393
6743
-1787
-3936
-7450
1622
-9060
1913
-4224
-6013
-5784
-6816
-4556
-6832
700
-4317
-2557
-4371
2242
-6664
-6938
-4478
-8337
-520
-994
-8903
-4691
7784
-7864
-6715
6686
-547
-1252
1759
8770
-1922
3917
1613
5942
-1014
-5649
-7256
8863
-1089
7939
5950
-345
-6287
-3827
-6444
-3577
6979
-92
-3729
1092
5300
784
-6377
225
-9676
-3571
-1583
5355
-891
-5868
-8906
-9418
-1834
-3394
356
-77
9586
-6723
9358
-4648
-7109
-5032
-8294
-1122
2712
-9489
2957
-1675
844
195
-5632
-493
-3191
-9482
-6634
1289
6981
9004
-4238
-7623
-5111
-4549
-2430
-5559
-621
-1407
-6815
-4932
-6346
6453
-6277
-6120
-6208
-9575
2481
-628
9565
757
7295
9143
4639
-5305
-7716
-1247
-3969
8632
-9981
5485
-7778
170
879
-5200
-7855
378
-1939
-4221
-9154
-7615
-3059
-5417
2529
2524
-840
-9015
-8111
1039
4585
-4072
-7447
-3579
7924
5779
-319
-1285
1226
-6602
1917
6462
-7774
-2795
1066
7539
5299
7929
389
8565
-1604
-5332
540
-8381
-2801
-2833
-9993
6587
-1428
-3853
-295
8067
296
9897
5189
-5466
-8687
-2990
9533
-6841
8373
-8198
-7953
-9905
9919
-7285
9073
-149
-5182
-4676
-1173
-9417
5691
-5878
-1322
-9999
-4495
-4693
1284
187
-2784
-9282
-4160
-3332
-6599
-7416
-392
-2494
-3711
1786
-3399
-9936
-4831
3351
-2472
2070
-3555
3989
-2118
382
3974
-129
-9171
4518
-9521
-9272
-5676
-5933
7674
8050
4014
6850
-1762
-6542
-7795
-7935
9187
7388
-9590
8032
-7670
5398
-3397
3235
-8200
5682
9796
1368
4746
9339
2444
-3695
3271
-5587
2225
-629
8416
2315
-8448
8718
-1742
-2837
-9988
-6215
2666
-6699
1257
-7684
-3859
428
1891
-282
-4266
1612
272
-2397
-2815
-9771
8281
-3808
-1592
-2747
-45
-3442
-2516
-8883
4706
-6641
1975
-5250
-1186
-6611
-6689
-1790
8025
2953
-8883
5522
1530
1075
2559
-1147
4205
-4608
684
-2235
4413
-9063
-1018
-3320
-3426
9490
7844
861
-8014
-6021
-5409
-9594
-9275
6681
-2948
7911
1275
-8586
2093
7772
-3510
-9
9330
1102
-6197
-3471
-5597
9129
8269
-140
-749
9673
-8087
1071
6349
-8718
2430
2361
-5886
-2070
7892
1473
2375
-6272
-8637
-4015
6360
-4754
1242
659
897
-3776
-1991
6992
925
-2636
-4000
-6469
-2560
451
3629
1611
-4141
-515
671
-1330
-2817
3005
-3937
-9349
3405
9171
4801
-760
-949
-9211
7399
-98
-6736
380
-9498
4588
1987
9434
-7890
792
9113
105
2757
-5767
638
3035
2291
3883
-5481
6767
7428
5530
-1884
141
-8151
-574
1483
1632
-1314
-1383
-2892
-9382
-3468
-4789
6255
-8424
-7546
5031
-868
-179
-6449
-5322
7757
-4071
-6913
853
3
-6343
-5110
-6404
-4574
1250
-3295
-2018
-2717
-6290
-6141
-2571
-7994
5306
536
-8998
-2231
-7799
6165
-8260
-6598
-5491
-1725
-8883
2068
-4699
-9817
5623
-9696
-7321
1016
1207
1979
-2652
-7178
-5879
65
-2690
-6432
-9279
-8442
1288
-2440
-4612
-3485
2056
-7053
-6603
-9004
1083
-4911
4701
669
-7746
-315
-9658
2036
-2422
-9381
5343
859
-8225
-6120
1477
7276
163
580
-3658
6106
1198
-5307
-8726
-685
1472
878
-6754
-9394
-8845
761
2866
1018
-3404
-2672
-3182
6366
-7466
7251
-9734
4546
2145
-5133
2006
-9659
-2425
-7674
-4856
-1892
3651
-9353
-3473
-1965
-3430
6236
3
-5100
1120
5902
-5372
-1173
2050
432
-5163
2503
801
-7237
1736
-541
-5059
6548
4050
-1690
-13
-5669
7463
-6905
6313
3082
-5944
5430
1445
-5860
-8775
-9002
-9978
5963
-9902
-5840
878
-2819
5144
-219
-2241
-9342
-7957
-2848
-4921
2041
609
-4266
9243
9234
4916
6314
-4119
1174
1078
-2486
4394
7885
-2643
-3840
-2857
-2602
670
-276
-5506
-581
7586
7214
-3115
-2104
-384
2721
2544
1751
-4422
-4595
9070
-8333
-7255
1632
2614
7509
-8311
7508
-4373
656
367
8181
-9900
-5451
2559
-8508
894
-1840
1540
4060
-6904
-1775
4088
-5386
-8164
-782
2082
3723
7005
-970
6603
-3560
669
3376
-7799
3176
1338
6883
1561
2349
6048
-6737
-9641
-3506
-8113
-8564
7240
1352
-3358
3858
-7500
-5492
-6418
9018
4061
-3279
-3317
-1817
7498
-4953
-849
-6105
-8124
8168
8801
-9705
-4988
-2955
7403
-6586
-6516
-7204
2225
-3589
-7465
-1024
-9918
218
7340
-8363
-8948
-1151
-4105
8392
-6122
-2726
4793
-8440
-3832
-5715
-1667
3009
-2836
-1709
3758
5
-1061
-4750
-4633
-7729
1906
-762
-9685
-3221
-6971
-8324
-712
2802
-4812
-4123
-1131
-4719
-2652
-8343
1587
-6316
3784
1786
-3596
2496
3293
9484
-6493
-2660
-1665
-9760
1905
-9898
-710
-2007
2200
-2527
-9416
4265
-5027
-6272
1124
-9669
-9472
-5270
-3183
-6057
-2099
-4344
2544
-6735
4818
-2052
-2260
3587
-5386
5029
-7919
-8403
-4377
-5403
-9874
2777
4341
-1884
-2624
-4798
-6337
4687
2117
1721
-9558
-8186
-871
575
2617
-6123
-5250
3256
-8360
-9600
3612
-1185
1115
-604
363
8092
7975
-5
-2419
-3562
9263
1985
-2590
7780
1922
-330
-3783
489
-2878
-7228
-8479
-1858
-9158
-6527
4520
-5232
-4407
2774
-1052
-6803
7361
-8576
2379
381
9686
-4169
908
-4275
5104
5901
-4135
-8784
8227
6298
-3069
4904
-7199
-8106
-7382
-2847
-9139
-8762
2291
-6627
-2411
-2886
-2503
-5032
4250
-9226
-1526
-6301
-7602
-6159
-2134
6963
6186
2939
504
222
-7018
1057
4030
69
2762
4981
2841
-114
-8201
-6582
-1122
-7339
678
1950
-8508
-4958
-2302
-2885
-712
-7076
7058
-7649
-7433
-6466
-310
-5733
-6052
-2744
8257
8761
-9545
-4134
-1340
-5792
-7040
4059
-7666
-4931
-534
-6527
2737
-8390
6619
4172
3286
-876
-8102
-3149
-1749
2123
-7862
4549
-8293
-7368
-7658
9256
537
-9180
-8306
6884
9986
6456
-528
-4220
2019
1138
9035
6714
-1611
-8520
-2527
-9213
-6671
9809
-9814
-6994
-9853
-5137
2625
-6951
-8072
2289
-2377
2683
635
-3672
-914
-2041
774
-2408
-2972
-4370
-5324
-5694
-4627
869
1304
832
-7579
2955
521
-5745
-3997
6434
-1404
5620
3250
-2587
1941
6393
-1508
-8806
2542
3735
-5496
4328
1660
-6728
5959
-9947
4601
-9828
-6936
209
2082
8477
1684
-184
-5174
-689
-2921
-2604
-1391
-9749
7771
-6141
-848
5388
2204
-1898
-2506
-9480
664
-606
-9863
-5918
869
1713
-4348
-8817
-3705
2025
1816
5658
2242
-205
-6063
-8046
1036
148
966
-1431
-7544
-8417
-3788
-4719
1198
-179
8445
4192
9999
-55
3150
7477
6009
-8173
-3042
-3074
-4171
-1537
1629
-2633
-1927
5373
2285
9880
8025
-2277
1194
-8855
704
-2832
9232
-3434
-5440
-3246
573
-6324
-8952
-1142
5523
-1384
-2157
-790
-5534
-8456
-9496
-2309
7015
2895
-480
7899
590
-2986
3906
-9562
1469
-2595
2133
1492
-7050
-7958
-1866
5028
-3569
5535
2121
2777
6449
-1277
557
-8416
2265
1214
-2030
157
-2081
-6808
7535
-2211
9914
5824
-5200
7500
2751
438
-8947
876
2132
-8459
4544
8292
-8645
-1476
-4585
-7113
-7792
-791
-6807
7511
-487
-9476
-698
6395
-2150
6042
3635
-1557
7496
-3058
7892
-4828
863
1047
9386
4443
-5224
-9699
-289
2586
-9065
-2906
-5441
5011
9475
1289
-725
3221
-2665
-5473
-5911
215
188
-5694
1501
-2241
-4645
1425
1884
-6116
8103
-2030
7008
-8264
-4863
5405
952
2831
-7454
7157
3651
311
9072
375
-5796
2698
-3181
7223
6617
4578
-116
2696
-7857
-5695
-187
413
-2921
-6540
5157
6126
8024
8762
6629
3805
-2279
9921
-6394
-8294
961
3696
-6076
3908
5119
4873
-3899
3665
-704
2095
-7881
-9970
-6551
-6713
7994
-3574
-9818
-8805
-8294
-2925
2302
-3707
-9537
-1290
-1621
2282
-825
-139
4747
-7291
-4491
-203
1904
4998
453
-1422
5468
2106
-8353
-9254
-559
-4661
1620
1304
-1276
-8244
934
-8367
3124
-1841
3938
4876
-9157
664
83
8181
-2461
5046
5530
3907
-4263
1933
1849
7192
-9943
1626
2894
-5687
3457
3921
936
-5858
-7498
-2967
4181
-7779
-6735
2938
-1958
-1502
-4158
-7835
2727
-3246
-7918
-4011
2889
-9425
9411
2885
226
-1170
-2545
8899
-2474
-8791
-7276
-1838
1224
-625
-4746
2774
-5212
-4893
4603
-8533
-8291
-9855
-7463
-9673
-8516
8710
-7466
5412
9039
-3702
-3792
-2235
-1114
-2097
627
-6977
-5754
-129
-5931
9292
7511
-2094
-67
-9416
4633
-5619
8901
4434
-8675
1935
8420
1567
-5734
3729
2180
-9266
-971
-2843
124
-4044
290
-6081
1882
2030
2614
-9092
-1153
-4852
2259
158
-7313
-6191
-3165
9305
-6200
-2667
-1237
-2165
2612
-4788
7037
589
-7878
5482
9424
5042
-295
-5724
-1490
5766
4856
-2915
-9653
-9321
6872
-1863
-5793
-8162
-8950
7574
-6323
5172
-6007
-8006
1665
-3834
-833
-6226
-8765
593
-757
7500
-8760
4069
-9561
-7245
-7096
-1492
34
-8381
-6643
-334
8468
6248
-4943
-3
6355
3217
4937
-2789
-5822
3842
-5635
-1721
7145
-4367
-68
-3710
-5334
-7797
-6643
-1370
-942
1465
-6678
6876
6353
-4604
713
905
8260
6740
-7398
-1743
-6280
-2181
-519
-6828
-7087
-6759
602
1215
-2744
1658
-598
-4800
7640
891
6233
-2091
-47
-3688
-1585
-6956
1428
-2177
-6201
-516
-8897
9572
-5763
-5871
8585
-3078
-7424
9675
9931
-9663
-7634
1097
-8994
4732
-161
-9394
-727
-4348
-5217
-3226
1149
-6590
9697
3529
8475
-2216
-3855
-9951
1429
8898
-5045
1101
9725
-4388
2380
-9271
-4616
7235
7974
-1976
9142
-9665
-2794
-222
797
1986
-7589
2579
5773
-9846
-448
8962
-9248
-9555
5052
-2846
9168
-5834
5499
982
-6753
9260
-4261
-7561
8272
9074
-9508
2843
-5093
1587
6321
-5554
9952
-2561
-4356
-4122
3259
-4623
8153
1364
-3911
884
5369
-9925
-8598
-2971
-7375
-8472
4761
-1767
-5355
9530
1241
-444
-3136
-4286
-6177
4144
-6858
-5041
-3657
-1101
7980
521
-782
-727
2372
-4355
604
8595
-3041
1627
-7721
-1208
4175
-3685
-4540
4273
-7189
-4633
-994
-5845
967
4503
1644
-6254
-2589
9110
1718
-2530
1346
2221
758
4173
6142
-2371
-2413
-5149
4698
-9551
8619
-6898
-5673
-2162
8495
-6544
-8405
-3767
5460
-8936
-8401
-1114
-3322
1329
-1704
-7406
862
-899
-5175
-7685
-6152
2627
-4664
-644
1087
-4282
-402
-2411
-6036
-7113
-9789
9544
-1203
-6322
1352
437
8840
-3084
-298
3501
3042
9605
7815
6570
3578
-2219
-3086
88
4411
-2096
1086
-713
-5166
-2649
-8208
-1018
445
-7608
-5561
6489
-8957
-980
2952
1770
1740
-6058
-806
3066
3979
-9094
-4683
9679
22
5406
-6886
6109
-6239
3998
9086
3916
-6489
-8719
-6232
1654
1383
1841
9379
-1168
-7885
6362
654
-8082
7012
-4183
-9360
1090
5457
-239
-5387
-828
5599
-4211
-3820
5910
-7143
-2710
-2482
-538
7844
4628
-3713
599
-4275
905
1583
3613
7396
-5076
3208
-3771
-4275
-2428
2764
-2562
6612
-9991
-9786
-7883
8129
3079
7202
-1831
-6356
-79
2009
1227
-4589
-8141
-7184
-8208
1929
-5986
3682
4547
-5679
1759
7771
-7437
-1139
-9346
-2394
-852
6609
4814
-9111
-4654
2843
-9214
-6640
-8182
-187
1919
2150
-7323
-5381
-2478
-5493
9781
