10000
-2205
1036
-9664
-3765
-2908
4309
2689
-7725
644
8741
7903
-3789
3099
872
3170
4099
-9785
-4501
-9324
941
-2403
-8370
9774
-637
-9956
-621
6128
-5912
-4796
-6664
-2351
-4046
-5657
3053
-2472
3027
-4995
2589
-9654
-1901
703
3377
-8604
9698
-2259
-3403
2604
-8596
-9935
-5574
-541
-8465
5609
1886
3614
296
5919
-1974
-9545
949
-3431
-9510
-932
7416
-4774
7747
-4815
1238
1278
-3152
2612
3084
-8022
9324
-6690
-1897
488
7719
-4982
-7111
-913
82
-4039
2049
-4737
-9330
2133
-6785
-1580
1380
-6508
-8513
-9124
1557
-3297
-5321
2593
2388
-3084
1633
-6483
-8171
-2713
3720
7662
-4802
-9551
-2499
-6986
804
-7261
-7468
2468
8922
-4391
3757
-2902
98
2073
1611
1864
-9143
-6353
-3030
-7051
-4209
-7326
-425
-6392
-5684
-3866
-5703
7958
-4045
-2706
-6098
1490
751
-4408
4987
-2244
-6667
-5086
-2749
7646
4700
-1263
-5510
-1424
-7867
5299
-4684
2173
6240
5299
-6910
1771
4435
-5779
8576
-2955
9234
3922
-2427
3292
1332
-9330
-2298
510
7496
-9751
-8553
-4221
-2461
-3126
5840
-6334
9534
-1757
337
9626
-5442
-1206
1573
-5246
-5390
9860
-5137
487
7942
-6298
-1672
-3310
-7092
-8834
-7471
-4855
2048
-3888
5530
-7686
848
-9796
3261
-7691
9334
-4759
7264
119
5610
4700
8410
-1202
-6699
1895
-7738
-7848
8649
-8051
-8907
7471
-9552
3065
4587
-4828
9475
-8045
5090
-9465
-5827
-868
3504
-9426
6286
-5557
-6640
567
6611
-4415
2365
-5625
710
8481
-387
9878
-3726
-940
-5029
-3604
6635
3220
-6688
-275
-9157
-2325
6045
2900
-2401
1882
-8865
4476
-9773
3129
9616
3972
2123
-3780
-9828
-7598
3717
4767
2157
2649
-4548
3162
-4129
-1960
604
5397
-1903
-4411
-322
-1471
-393
-3287
-8306
-284
-6730
-9174
-153
-1959
339
-2161
6413
-3377
6500
33
6736
-2471
-4088
-3408
4211
-6936
-3237
-6603
-3951
-3408
-5395
-4608
-5665
2836
-1491
-3320
-1043
1471
-3679
-5176
-2448
9263
1475
8751
551
6265
-3836
6730
-6321
488
-5807
6831
9636
9097
6587
-2859
868
-4124
-754
6693
-3983
-180
-212
9265
-1443
-8807
-7818
-3902
1248
2674
-9177
1847
3884
-8495
-3962
1481
705
1121
-9669
-1355
6661
716
-9855
-7020
7631
3155
-6308
3917
-9854
-4580
-5459
-9618
7235
-9068
-9115
-7146
6979
8171
5271
-5353
1693
-4027
-2960
794
-6329
9522
6987
7139
-9694
-6853
8351
3543
1973
-6049
-3556
410
3129
672
2518
-5219
3253
4569
4994
-1606
-5587
-3248
-546
7351
-6411
-1708
-4203
912
-2802
9470
-8379
-1158
6346
-6790
-3784
2690
8784
-7315
-8776
-4457
-7322
-9105
-183
-8408
-8630
-8648
6608
6224
7843
1313
-9647
-7569
7864
-5462
1475
-7431
3296
9498
-805
-1514
1337
-5530
-2227
-5440
5021
-9644
8565
7345
4562
-6721
-6255
-7072
-6176
-1569
4401
-4921
-6806
-831
6065
-2804
8021
-4003
2247
-5256
5196
-5879
-2216
-1975
-4250
-3450
-4464
-4656
2216
2084
6961
-5485
-5207
-603
7979
-8076
-2798
4444
-2739
1975
-8626
-9736
-1028
7199
2272
-1465
-3518
3576
-2892
-3148
2472
-807
2385
8532
4711
-4309
1525
-2369
7834
-5529
-6462
1090
-8328
-3333
2739
5590
8578
2264
-906
2729
-6921
2054
6038
5221
2480
-9642
-426
-9105
9
5407
-9595
-1071
-2531
9119
8239
-461
-394
-3832
-1297
4976
5444
-7839
-5394
7303
5419
-9630
-5914
-7923
9121
-9727
-4537
654
-8169
7765
-5024
10
216
-5257
-2797
6435
1521
-7579
-5868
-6537
5552
-530
-8370
-2351
8081
-7479
3522
-5763
659
-1976
-2443
-1958
-4495
5741
1579
-5642
-6991
1176
-8402
-7756
-7595
-9365
-2669
-3535
5947
9383
7328
4072
-7552
-1481
2023
5747
7975
5744
-7434
403
2300
-5258
-270
-6575
4882
2211
1825
-6172
4724
-1244
-5594
-1417
-6183
7974
-8846
7492
-5288
-8113
-9607
-3998
-225
-1682
7716
-8535
5248
57
-1275
-8278
-2134
-8789
-7184
8545
2689
-3018
-5240
-4335
-7545
8187
-9258
9454
2426
-4910
-9023
-9515
-3006
-3022
-2149
-9341
-311
-8629
4505
-2074
-8018
-1096
-3802
-9461
-6603
-2445
-9128
-7547
-7006
-2007
-9183
-8444
-9305
-4143
-1974
-6328
2363
-41
2176
8445
6219
-9891
-6620
925
5395
580
-6224
1980
-3472
-8601
-4613
-573
-9745
7337
8976
-6342
-1365
-4305
-5689
1355
1303
-4015
6774
5957
-3976
-7858
9861
-9187
5461
7615
-7645
3068
-5265
-3891
5689
-6890
6517
-1052
-4452
-4043
-6253
-3255
6279
-2718
1389
-5175
9544
-7013
3722
1621
1337
-3035
2608
-4373
-7983
-1302
-5063
-9224
-1892
2808
-9987
9019
-9653
7089
-5136
9547
1189
-6331
5264
-1670
3684
-9705
9821
-1957
-8667
6154
-4884
5892
-233
-3338
-2026
-6130
-6537
-9829
-5866
-6560
-2049
3771
-8044
-843
1531
-9503
-5539
-4652
-1955
-9754
-7181
-3426
2383
-3948
-8821
-16
-6766
-3029
2547
1157
-7780
-6940
5813
-8867
1573
-3978
-6566
-1027
8651
2517
-9488
6489
8807
-8863
-144
-3922
-6361
-7394
9114
3857
-9823
9313
4771
-6962
2692
-8406
3983
-3220
-9621
9463
-7551
-3890
8759
-9864
-271
8928
2491
-5026
8704
-3441
6842
2364
-8985
5146
-5586
-507
-7560
-4439
4394
-5318
8927
-422
-5695
-8502
6214
-6588
-4185
-8782
2499
9365
-4165
4452
-7861
2622
-4485
-5361
-6712
-9037
-9887
-4902
-9365
1483
4429
1494
-444
334
-9794
1805
2832
3024
201
-7076
-975
8088
-9179
-1717
900
167
-6397
2031
-4272
-1067
-5786
-7110
-3045
-8194
-3726
1711
320
-4995
-4068
-7757
-7354
-1705
7020
-8726
-9781
-3716
-1088
7010
-5887
810
3920
-4115
-3590
-6190
-8749
-7349
838
-5601
2655
-337
-9924
-13
-8103
7232
-3977
2773
-8735
6080
997
6601
438
-3476
-1894
-9827
-3329
-4572
-3799
-9460
8860
-7220
8692
959
-6844
-9998
-4509
-3823
8885
6321
-8173
-332
-6749
1460
-8941
344
-8074
3135
-6037
491
-2829
363
3963
-8164
-4744
1265
2476
-4476
-2578
1096
-6366
8424
-6024
-8941
-8303
-7561
1967
-5931
850
-6532
8146
6982
694
3695
-2343
-6709
-102
8364
-886
-9472
7483
-7608
-111
-3239
-3029
-4352
4842
1289
-3291
4149
9761
-3294
-9472
1333
-6212
2525
350
8380
854
-8002
-3825
-8261
-6479
-3407
-4718
-8873
-2651
2744
-3080
-1516
-3366
840
3249
-4396
62
-9104
-7585
-9253
-751
-7078
16
8311
-9377
-361
-7702
-6021
2355
-1705
9063
-8397
-3227
52
-4669
-9642
7868
-6916
4467
9077
-9744
-6842
7096
157
497
1473
-5515
5881
-3513
-2023
-7139
-9608
-4167
8464
-9072
-8334
-1069
-5905
1768
-1147
-2367
-5181
4336
-5370
-1342
-382
-3179
2005
1336
-4114
5375
3279
-9244
2363
-1664
-5559
-7693
-4203
-4562
-5796
2706
-1670
-7250
-6084
-9689
-5521
-9295
-6899
-2717
-3372
867
1754
-7887
-6546
930
-5861
-2572
2733
-3443
-96
-3086
-1299
8926
-5297
-4791
3937
-2344
4647
6507
-249
1379
8487
1479
-8128
9465
1201
-8764
-6494
-5606
-2636
-4202
7212
-5533
-5439
-3349
8124
9095
-9028
2150
1020
2324
-2175
1485
-7098
-5703
-4292
-3579
414
2250
-7079
-2401
-5821
-9695
8033
-7987
-5298
6727
-7329
-8
9584
-9166
-2805
2741
-7361
-7920
9697
7702
-9576
-1596
8434
2171
-1542
-685
-4387
-9068
-4805
7224
8351
-3582
-6086
1180
-5271
-7078
-272
-2167
-5391
9967
9742
-8802
-5171
-1971
-4511
-2879
-3269
8362
-2409
7858
7365
9017
-8248
1157
-6014
-7775
-3089
-4337
-6338
5039
7192
-3838
-8385
-6329
-1089
6455
544
-9055
247
-8758
-5855
-7023
-7736
1418
1956
-2073
-1733
-8625
9805
4889
-901
-6641
-6158
2717
-524
8974
-2444
92
-3871
-6925
-7092
3652
-9693
8896
-5819
1404
-5004
9186
6919
-2563
6621
-4569
2265
-4867
964
6095
-5590
-431
-4599
-25
-5593
1004
4851
-7982
1489
-1781
4167
-3799
-5069
-8300
-4551
1733
-6867
-548
1925
-4071
8887
3753
-7584
-2107
-3518
-9002
-7061
-1976
-1248
-260
1353
5815
-6903
8433
-8590
-4147
-1773
9069
2117
-9791
-7861
8842
-3802
-3492
2661
2196
-7907
-1843
-3637
-9282
-4600
7094
-7265
6838
1005
-8727
6877
8596
-5204
-5096
-6913
6551
-3168
-1430
-7769
-9935
-451
202
-6886
-3807
-9476
6180
-2457
2432
1913
-6477
-4079
1472
2873
1811
-9298
-4204
3888
-5058
-2044
-6774
-4289
7126
-5412
-5506
-3482
8511
-8323
-2702
-4078
-241
-6194
1144
9045
-4761
6145
-1297
352
-9948
-6610
-326
-3607
-4271
6819
-2428
-4750
-1503
3100
-1371
-9019
-8647
8175
238
3844
-6572
-8884
-1441
-3297
2305
-2142
-9833
-7740
9423
5894
-7123
3390
-8565
-9743
-8924
-5769
7657
-7481
-7620
-9313
8803
9919
-1178
1808
2493
2751
-4007
1780
-9071
3943
-9428
3360
-4439
-431
9021
9922
-4759
-873
-7442
-927
-7760
9878
7610
-5183
-6943
6386
836
-87
-8839
2779
-7570
-4351
-2259
-8818
4461
1949
-5585
-2307
-2502
-4352
-5172
-4492
-7256
-8197
-9216
-1933
1406
-524
-7168
-1790
1086
-6993
-9699
-5082
-5019
-8472
-1843
-5908
-6345
-2497
2912
-7440
-997
-7432
8569
-8201
2946
5728
-2177
-9023
-8885
-4845
-7533
-9954
7887
-2627
6527
5278
4078
-2590
8844
3694
3283
-2473
-9667
9023
-9768
-4007
280
2633
4425
4993
2658
9104
-4826
-2996
2799
-1178
-8050
1088
2616
-9968
-646
-2859
-5714
-8338
4644
2321
2093
-1290
-3470
2799
-1930
-7841
6960
-6014
2006
-4793
-5798
6655
6763
-9041
-9987
-7274
-5208
-5343
-1444
-6749
8502
7295
-8874
-9977
-5602
-8236
-4150
-5585
-2717
1387
8113
5084
1430
-3581
-7213
-2077
9093
-1182
-9153
8855
-4205
2568
7796
-3779
-6802
-5051
-3491
-3832
-4420
-2450
-7643
1577
2006
-9109
-8954
3483
-9349
-8076
-5690
6822
8413
-2819
-162
-9081
-8577
-8527
5243
-6198
5985
-5894
2889
-6277
-3815
745
-2484
608
1736
-5355
-6319
-4098
-3005
6653
-9084
9283
7897
-1485
-2973
-6300
6262
6810
-5965
4645
-6046
1165
3348
-4263
-9168
1316
-881
-4278
-622
7091
-6988
-7461
8468
-7309
-4534
2765
-9984
-217
-6718
-2369
4584
-3083
-9659
6874
-2683
-9539
-1928
-3668
7992
6027
1630
-7566
1211
-9311
-1384
-4965
-4175
5637
-7529
4939
-4606
2066
-5174
-5635
-6361
-5331
1049
1612
-3293
-2976
-3723
-587
-399
-1694
-2129
-875
2433
3956
-2070
-616
-7224
-272
-5173
-3754
-7025
1733
2069
2198
1676
-9796
8957
-3021
-6056
1954
-8846
-1080
-8193
-9279
-737
-7961
7028
-2804
-5449
9958
-4825
-7609
811
-5986
-1864
-1315
4033
-9548
2190
-8622
-8573
-1895
-1402
-7268
-652
2959
-633
1331
-472
-9427
1498
-2329
-428
-27
-1217
-3502
-6525
-4028
1691
819
267
4795
1841
2992
-704
-676
-1359
-7038
-6970
549
2452
-2249
-5171
1539
-4312
-943
-9159
944
-8247
-8594
6272
-1279
1715
5998
8568
1949
-8812
-2867
7119
-1459
2435
-1895
-3493
-9894
-5225
-7230
-8171
-6730
-6348
-6901
-1981
7508
-2816
-3831
-4269
-1188
-9889
236
-4913
-638
-6434
600
-1427
-4077
3113
-1061
-4154
7157
-351
-3398
3689
-8089
-7981
3433
2801
-8336
-6206
-2298
-3020
1108
-7801
-3203
6845
-183
-5348
-8272
3197
3691
-5710
5491
-1859
-692
-4758
2393
4183
-112
-3067
-7337
-6139
-2505
2835
4957
5051
-1314
-7470
8107
-6575
-1345
-3877
-3994
6147
-1472
-6732
-6843
-1731
-1685
-6707
-6094
-8112
-1320
-3864
975
9739
-235
792
-9191
-9083
2589
973
-6967
-6784
-21
654
7265
-6869
1270
3241
357
-890
1556
9159
-9721
3564
8257
2404
-7962
5803
8964
3421
1657
3768
2254
-9878
-2999
-3935
-698
2701
-8514
-574
-8028
-4245
-2692
4796
6746
6589
-5331
8227
-262
-4482
-1887
7031
-205
-593
-9103
-938
1758
-1061
-3603
6639
-9927
-13
13
-838
-78
-1025
-6422
-1945
-5626
7028
-462
8724
-4215
1127
-7561
-2366
7818
9829
-1143
-2071
6736
3453
-3771
-6421
-5912
-9219
-3985
-4695
-767
4934
-2819
-47
-2156
8120
-7148
-8770
-6836
-6321
-6826
325
1023
-4461
-3843
5122
6682
-7575
607
-4486
-7196
-1327
-7937
-4569
5345
457
957
-8403
-5898
-2633
9865
555
2383
1769
-3263
8602
830
4820
6297
-6801
-570
-8222
4121
-3293
-1289
-5359
1381
-6700
-2885
-1223
-2912
-1331
1968
-8410
-1869
-476
-7084
2670
-6228
1441
-9207
-7641
9987
-2391
-3885
-915
7105
-9809
-7298
-2739
5314
3891
3207
-6461
2743
-9751
952
9850
-9741
-1995
8276
-9666
-7615
-3456
-4844
-8305
-2382
9064
2772
20
318
-3917
-1464
4658
-5529
5927
-7629
2013
4484
6013
-7748
-8274
-4587
7730
-7818
-8683
-8771
-6785
-2553
9619
-8848
-3189
-2675
-1728
-536
2272
-2661
-495
8224
1274
2501
8992
-9608
-5689
-8709
9506
1951
-499
-934
-4995
-5230
-666
-3841
-9795
2654
9203
1083
7429
-7473
-5683
-8049
-5724
5732
-1571
-9839
2024
4383
-3505
-1395
-5354
9894
677
-4334
8795
-3740
297
907
-7683
-2863
5158
-1621
-9226
-6446
-2889
688
-6205
-6363
-1601
2304
-9256
8215
-8517
-1129
-5675
8982
-6668
-7517
-5187
-6036
-1989
-305
-313
8652
-2609
96
-7569
-5656
191
4350
3151
5284
854
2931
-2478
-4944
8278
-10
999
6574
5471
812
3925
-3206
-8142
-2265
-7856
-3571
3130
-5103
-1880
-6342
-6873
-4596
-5399
-8933
-97
4059
-544
5231
-5105
-9061
2235
-7807
-919
5143
2775
1487
-9014
7803
-5038
1923
-1062
4774
-7641
-6299
-8201
422
281
4148
2260
574
-5550
-1393
-8162
-8821
-1530
2553
3998
-4377
-613
-8033
3462
-4883
-3858
-3022
-9308
640
9549
-6309
-163
1285
9004
-6547
151
-8905
756
9597
-8650
3933
-2370
-5712
-2006
-4109
-7136
-6349
-6649
-9645
549
-1999
-8941
-1169
1060
-5472
-7546
-3557
-83
-706
-623
-684
1885
-5031
5878
-8354
-4452
1013
-2240
-9049
9317
1001
-7467
-9613
-8447
2314
-2331
-4038
-2084
557
6089
-4146
-5264
3913
-4695
6457
1574
-2950
-643
-403
-5056
-2358
-5578
-5730
-2385
-7213
-5092
-949
2729
-2241
-1219
-8514
-735
-333
-644
-5741
1293
5933
-5777
-2597
-4819
-279
-5075
-4287
-7667
104
3782
15
-953
-6635
-3601
1611
-7216
-7231
-7588
-7130
-4407
4304
3642
-7817
-7746
-8138
-4172
1348
-1616
1507
-495
673
-7573
7228
-1043
-8902
4028
-7702
-6052
-4138
9285
1401
1905
-4714
-7377
1466
-7741
-9828
2403
4268
8301
-3247
-9834
-9160
3541
-4088
1539
-9663
1582
-2081
-2821
-641
-2880
-5658
-8224
3298
-9529
-1627
-7921
5308
6462
1814
-1058
8706
9620
-8744
2472
-3727
-698
-214
-891
-7728
9869
5227
2237
-9355
2517
-5304
-7364
745
1555
-5445
-7286
-4240
-1680
-7666
-7497
-2683
200
350
7986
995
4985
-3033
6531
-3765
-1994
1183
2551
7937
-2597
-4389
-551
-9770
-2266
-2599
-6268
-2805
-7836
-1890
-523
-1578
6859
4413
-9691
4640
-8794
-4869
-2060
239
-2058
-4174
-5815
236
-1514
9843
217
-8485
-9026
-178
9543
-7535
4590
-4840
780
-7865
-7422
1122
2070
-2938
-1174
-6383
-6604
-9682
1437
-8915
1843
-4844
-5203
-9959
-9469
-3671
-6440
-3834
1374
-8102
-2083
-5921
-5492
-2914
-266
-7629
-546
-6133
6404
1065
8931
5289
-1020
-5326
-8775
-2420
-1940
1034
3139
5627
9300
-330
1917
-4905
-9908
-4978
-4340
8696
2519
-4063
1273
-9286
5143
-4330
-7617
7096
6629
-3407
-3452
2007
-7931
1076
-3930
-2458
-9479
1677
6198
-2524
-3658
-7472
-5145
-7613
-7178
9532
-8311
237
7308
-5149
-3884
2694
348
5680
6626
-593
9546
5727
-9602
-9295
1299
690
6114
-5253
27
2533
-2690
-2714
4680
-2113
7476
-359
-5107
-9076
-6197
6418
-23
3242
577
-542
-6893
4961
1030
2521
940
2966
3968
-668
-8576
-6751
8048
-9611
-8249
-5635
1696
8578
5166
-3807
-366
-8240
-1001
4397
2106
-3343
-8613
5863
948
9612
506
-2362
-978
2396
-3862
5902
-4761
-7078
-7277
1341
8091
-5696
-1410
6822
9468
7463
-6708
1595
-9371
2449
-2877
-7599
7435
-4020
-3378
-7266
-7373
3572
-7290
-2361
-3636
-8358
812
-1703
-1513
-2685
1496
-9422
-4543
-813
791
-4148
-5189
-468
4240
-7084
3435
5491
-7641
-3212
-5960
-7759
-3547
-612
9744
-1726
7992
-4067
8135
-5941
2200
-8332
4763
1028
-5399
-470
-3007
-5057
-2040
-2985
-4197
-87
-8000
-2484
969
5455
1852
-4109
-3868
6878
-4544
1393
-4220
-2005
5693
-7796
-6999
-5254
-5319
-4237
5979
-2981
5176
-7048
-6200
1298
-4358
-2846
2521
-2600
9056
-4412
2270
-5753
4341
-1145
-8337
-6095
8586
-5842
-8850
-5423
-3614
-1641
6257
-3320
-3409
9320
8288
350
5565
1026
4537
-16
-9362
4379
-9764
2061
1605
-9814
-4862
-3496
-5241
95
-1741
178
3104
6657
-8688
3643
-1951
-4920
-8811
-7915
-7149
1074
-3100
491
-9883
1558
4091
-2189
7882
-1800
3209
-7056
2337
-6046
-8994
-6531
-843
-9785
-2360
6533
-2970
5621
-9890
-9293
-8057
-9085
-170
-4109
-1398
7310
-5346
-3790
2617
2726
167
-5278
-9081
-670
-6461
3172
8935
796
2418
2821
-5061
-5193
-2313
-8249
-8369
-6267
6611
390
-4026
3432
-9493
-7853
-5420
3128
-7381
-9499
-3249
2917
-943
9839
-2016
-290
-3230
-1807
5631
-3535
-66
-1451
1628
3827
3612
-6540
-2141
-7582
-3506
8152
2427
9801
-7577
-6555
-8018
4388
2305
4122
334
-3707
4406
-4684
-715
6326
-681
-9133
685
2687
1212
-9950
-9904
6379
-7081
1073
-1068
-1722
9264
-1595
-3040
-9846
-8947
-7245
9476
-2085
945
-2006
9126
4464
5767
-433
-1410
-7854
-1826
-3189
3909
-5687
7768
3273
1449
-7243
-3747
2972
-3385
-5158
-2156
-6048
-587
-8896
-9898
9828
1789
-9032
2393
3429
-5393
-923
4597
-9509
-4843
4755
-6970
-8039
9866
-6072
-2068
-8847
-2457
-5692
1370
4343
2141
-3644
-1554
-4506
-6069
-1724
-833
-6295
6
1829
-3820
-4876
9407
-4298
-9346
4113
-7516
1324
-8707
9858
5349
-8523
-828
866
9211
8080
8711
4207
9091
563
1735
-8092
4688
-7945
-7401
-4149
-1695
-7310
4285
-2604
-590
2112
-5258
-1375
7791
3080
4447
-702
-7698
-9637
-4495
-6362
5885
3201
-7155
8082
-9960
8080
3799
-6773
-8864
5212
7880
4347
9386
3765
-2689
1969
-8621
-8020
-296
2635
-7012
8952
-2112
8816
6901
-8585
5960
1248
-79
-8295
-41
7376
4933
-3620
3941
-209
-1397
3377
-9723
-9298
-1752
-1722
-3773
6114
3827
-6939
-561
-4064
2315
-4839
2104
-6894
-2126
9780
444
-8886
-6855
4142
318
-6159
-9800
-5937
2874
-4762
-124
-7411
-4074
4420
1212
4922
9017
7747
1442
2138
607
2208
-6030
1327
-371
9538
-3282
834
-7197
-6955
-4905
-6467
-8975
632
-5084
2578
-8244
3200
1900
-6815
-5441
-8910
-8220
-7008
-4793
2005
-4687
-7596
3610
-2066
951
-8481
1192
5408
-6926
7614
-5980
-8518
9413
5488
-2236
-8
214
3419
6505
-3359
-2949
395
-7017
-5710
-6159
-4741
-4718
-1509
-3540
-3365
-7168
-5170
-7117
-5753
-3024
-8232
-6546
-8194
6626
102
-1705
-9225
5308
-5354
-1095
3497
353
6504
-5609
5845
-2455
8111
8074
-3614
-2485
-7375
-9551
742
-2602
-7605
-6588
453
-8277
4022
4268
379
-5242
-3319
-9618
-4801
-8105
-7074
-4211
-1598
-2791
-5637
-1552
1589
8580
-3255
9920
1492
-4165
935
-8745
-5536
7340
-2973
3445
-8411
-9544
-4250
-8651
967
4975
-8749
-7360
-3303
-5313
-2967
6849
-8213
-5074
9359
1144
-5945
8935
-9872
-2254
6079
625
-4572
858
-5759
-5914
-2062
-919
3658
-9212
1331
-4317
-1500
1627
4601
-6267
-7417
-9678
-8497
6778
-3865
-8313
1345
-5588
2312
5520
-4577
-1053
-9967
6252
5600
-9815
6700
-6220
2275
-7603
545
500
-1127
7722
5355
-8103
-9017
-2684
905
2507
2983
2173
2065
-4323
305
2753
-5171
5540
7833
-6148
-5667
-1883
-2312
4918
-7100
3185
6896
3902
-7229
-4492
8619
2561
1759
2603
419
2561
-1175
1046
-8026
4098
-5795
4016
-902
262
1290
-4710
-6271
-4996
-9580
5983
4408
693
535
-2668
-3967
374
5196
-5219
4298
3477
-1265
-9320
805
9439
6275
3412
-3816
-9036
2926
-1215
5307
-2622
840
-9138
-7459
6343
7260
6353
-6072
-9195
2052
9311
3141
1375
4249
-7579
-9117
1168
-9042
9881
-2220
2712
-8616
8809
-8742
-3284
3986
-267
9473
3984
-65
-9692
-9173
-8660
6451
-9519
-9101
9671
-5140
-9306
3596
-9741
4837
77
-6965
4324
8397
4514
1509
7047
-4270
-7189
-1287
-913
932
-8723
5713
915
759
3865
-5019
-5351
6184
3749
1696
234
-9052
2399
-6842
1487
-1435
324
5976
-931
-4609
-3376
-7217
-5589
1019
-2320
2190
-7707
1025
1695
-6305
-7932
-8357
9648
-2319
-8612
3960
7430
2636
5208
1422
-6421
-1151
-8860
-4254
-9439
2464
-3287
-2034
820
-2383
-2530
-8166
-1680
-1990
-1508
8043
-4903
7753
2323
9859
8442
-6515
-4133
-8794
118
-6011
3086
9694
-2460
-6243
1589
-2247
-8318
3767
-4961
-7303
9311
-8346
-2215
3310
-998
1152
2363
1021
22
-4267
-130
-5020
-9883
-8132
9847
-6017
452
238
-9922
-5875
-3703
-5228
3793
2800
2332
6596
-8296
6867
-7122
-3223
-8090
687
-2593
3267
-1942
-8337
-4733
1455
5181
-1456
-9621
-4567
5532
-2000
733
1518
-6822
-6112
-8315
-8665
1815
-7207
-3568
6244
-5877
2391
-9034
1860
-7319
-8894
-8903
-1250
-7135
106
5708
-3237
-7134
-9257
-7053
7780
2956
-4034
-2636
-3717
9979
-7147
2342
-6838
3462
-2903
-8410
1089
-5365
-9745
-3821
9631
-5239
-1988
6394
-1110
-1904
-2065
-9559
5569
-5386
1782
555
3003
1228
622
20
-8378
-1681
4652
-6628
1619
-1372
-6820
-5015
-6827
-2561
8807
3408
2438
1315
3611
-9699
-7765
-2481
-8219
-177
5017
-9260
-5598
-5878
4728
-6067
-3656
-3449
8071
-3091
-6274
-3665
-3906
1202
6402
8425
6172
-8353
-2261
-9424
4634
4688
-5986
-8600
-9220
-8922
-6624
2034
1907
1510
3484
-3747
6205
9857
-1790
1056
-8502
7666
-9609
390
9448
-9875
-6868
-2551
-6217
-7336
-2711
2498
-7333
117
-7889
-3264
2238
-5152
922
-6377
-3254
2366
-342
955
-7429
-8555
-58
-3827
-1893
-3335
-6120
9269
1699
-8984
6495
-4048
-5691
-5225
8740
-7508
-5581
-6164
9354
-3405
2459
2635
-9174
195
1225
-4073
-8000
-9146
-8709
-9934
7681
1282
-6832
-7897
-3283
-6137
6077
-3927
-3410
-5808
-2778
4794
1493
6447
-6006
-7729
1099
-6464
-2785
-1324
8907
-8960
-639
-4051
9706
-446
-8153
-4003
-1543
-9570
-1100
-8949
555
-7060
4246
-607
-7429
-9838
-375
502
-601
-4101
510
-2899
962
-3896
-4934
2178
-4119
-9940
226
-6022
-1771
1651
-8649
-8447
-4782
1889
1499
8730
235
-6523
2686
-8592
-6255
-7805
1366
-3477
-1165
-4137
-7574
7754
9424
-2597
-5454
1645
-786
4647
9953
-8430
-1656
-3816
2050
-7868
-6129
-7500
-3900
2927
-8278
-4915
1522
7862
-6751
-3389
9923
-6329
602
5488
634
-465
-8255
-6147
6150
-4085
-2803
-4709
8395
4961
-7936
-1648
6309
-1556
-8370
5134
1834
-1636
-4414
-5782
-4560
-5539
-9602
8267
400
-7271
450
-9760
3113
4060
1295
-3337
9767
-9932
7341
-3027
8325
-6013
-1624
-5375
-1105
-8051
-8703
-8244
-4050
-4458
4006
5844
-2433
-9272
-2602
5693
900
-232
-6925
4131
1630
1035
7991
-6971
8919
-3692
6649
1444
-1274
-4638
-2372
-9842
8943
-7048
-4567
-427
-3800
-5186
-9798
-6813
389
-7946
8852
-879
9483
113
2068
-5929
934
7204
-6061
8318
2020
-7756
-3707
-2566
-1833
-4936
-7394
-7042
-3680
2722
-3879
1065
-5077
245
1498
-8289
3775
-8646
-3663
-6304
5296
857
-8096
-2351
-3339
-9760
1089
-6947
-4607
-3958
-7708
-1661
-8310
9725
-5481
4167
4145
6962
231
1741
-8101
-7718
5066
-1626
-2651
5279
-5185
-2743
-1607
-7798
463
-3577
-6727
2337
4023
9816
-8508
-9571
-5303
4602
-7878
306
-7441
1883
1305
-3092
563
498
-8469
7847
-9829
-4265
2594
2548
-4553
-9909
2528
1151
-1248
-167
-2625
6356
-5157
1
9383
-4965
-6052
-9649
1380
-4402
-9840
-1068
-9638
-2300
-8484
-1491
2073
-2709
1058
-3578
238
-9986
-6268
1991
4379
-682
6987
-5820
2632
2941
3498
7705
-8648
-2655
-6753
-1448
-2685
-7762
-9991
4161
-7431
731
-7583
-7182
-6486
7912
-3405
-2047
4049
5505
4139
8490
-3965
-5021
-5433
-9501
1006
-6005
-6326
692
-7708
2177
-4577
-691
-1264
-167
-1823
-1710
-4012
9215
-1577
-6447
-8148
878
-1023
-1473
-5325
-5690
-5190
9058
-7703
-9290
6680
-5724
-77
701
-4080
-4109
2306
-3657
-7296
-3128
1369
-397
-5043
-7807
-3221
8548
874
918
8482
-615
-9476
-7285
-668
9455
-7748
2114
9402
-4986
5533
3604
-9272
-6799
-5712
-386
2594
-111
-2781
-2561
-6878
3429
1072
-5180
51
5179
-1290
-5924
-9485
-8951
-5919
3632
2038
3683
2769
-6762
-9876
-7291
-9
-2109
-8121
-8176
-1215
-1985
-1736
-6661
6842
-8640
604
3403
-820
6290
-2859
-2085
679
2129
-7945
5313
4583
-9915
-8947
499
6512
-4284
6359
6725
-8803
-3111
-9046
2487
378
-505
-1244
8524
-3057
590
-95
-8451
7423
-9839
-8731
2383
-1297
-3472
-8640
2532
-1239
1881
6960
-4370
6660
9989
4518
-9881
1150
-3587
-4692
2343
-4727
-2693
-3674
-2066
334
-2244
-9159
-7423
7503
-2967
1196
6623
-6618
4923
-2230
-6647
-7723
6882
7791
-8861
225
3715
-3196
-6265
-1385
-4574
-4125
-8498
9714
-2944
-321
-6415
8510
8
1290
-3437
1051
8356
-1362
-6566
-9689
-4011
-6243
-9818
-1959
-1662
-1489
5886
8745
7954
-2713
-7866
4247
-8940
-9446
8152
6473
-1786
-9365
-3695
-107
-1065
7193
-7285
7842
6213
-262
8716
-310
-3061
2344
-3011
-9661
-324
9759
-6082
1758
8595
-3939
-5065
-5168
516
-1518
-2192
-8496
-9926
-5892
2151
6912
-5191
7624
9015
-6353
9899
-4737
1213
2557
-3751
7810
4803
448
8471
787
-8878
3208
-1211
9145
651
2559
435
-2851
2972
-4846
-2779
3321
2221
-8586
-1002
-9711
-4549
-3803
-925
-6559
-280
1672
-1183
-1766
-8529
1529
-4913
-6745
-6403
5193
-9360
-4746
160
-8642
-2406
-2060
-5032
-8959
-375
-1801
-3851
1145
890
9825
-2205
2129
-6730
6082
-3010
1247
-3252
766
-8660
-9369
-4413
-5389
3402
-2947
-9363
-1164
-8825
-4407
-9537
9495
4881
-4881
8832
-4522
-7411
8240
-5343
-1904
-2933
2124
6220
-8973
-4679
-9464
414
-9067
-7850
3032
-3493
-9943
-7607
-5771
-8873
-7407
-6636
1008
2684
6158
-2492
2058
-9556
-6880
-4724
-63
-8415
1641
-5168
9457
-1122
1589
-4156
-1935
-1918
-8426
-7112
-7738
-9318
-1548
8301
-1289
-1096
-6616
-1301
-3398
-8151
-2691
1399
-9606
-4350
-8161
1568
5429
6878
3736
3320
3615
-4892
-3147
-9685
-1268
-9939
1418
745
2996
5989
-1643
-5816
9968
6414
-825
-3511
5027
-3636
-2175
-8327
-3841
-3747
-9188
2298
-5434
-1397
-8658
8992
-881
-8450
-2425
4671
-5396
-6701
7617
6020
-3925
3602
1720
2020
-5638
-8676
4343
-4270
-3251
-94
566
-3019
-8923
-8513
-1759
3865
5578
30
-677
-5468
-6471
3548
674
-52
-5789
-4429
-6666
-3033
8180
-2541
8213
-3772
1299
-7913
-3673
-8103
1963
-1584
8578
-357
-24
-2750
-7450
4790
-3387
-2952
-6133
2355
738
-9038
-8482
-1441
-358
1597
-9147
-7026
-5641
5542
6635
1531
-9731
-9232
-1000
6356
-880
195
-9535
-941
7953
-9304
-2113
-4657
-4248
-1678
3684
5845
970
4928
-6580
7058
6260
5089
-6994
-8719
-7915
-5963
4512
-563
884
9087
-2736
-5568
-847
-7891
8118
9114
-410
2559
-2645
8633
-398
-5460
-360
-9388
1685
-8740
-2254
8058
1373
4414
9991
9019
-6206
-6060
788
6053
-1008
-5969
-7944
-9230
9379
-5147
1933
8191
5463
-6059
2545
2816
-2336
371
8846
-5038
2071
2662
50
-8399
-8650
-2008
-2849
-4211
-5370
2203
-1081
6583
-1800
8371
1560
-1793
2546
-7853
9975
-3229
-3062
-1953
-183
-992
-9515
-8336
-8488
-8628
869
1382
-6285
1607
-7129
3484
-6890
6225
-7403
-4065
-7700
-4618
8206
2397
1619
3694
-4163
1957
4481
-7703
2819
1893
9763
7305
2161
3833
-5749
-2165
-4906
5319
1388
-1240
-69
-9471
-4032
8578
1869
-2698
-6643
-6471
9241
1829
-537
9629
1915
8208
53
-2871
-8199
-5166
-9899
-3444
5005
-2414
1766
5068
-5918
9464
-7267
-7928
5282
-7650
2491
1787
1550
-9621
5473
-2136
9581
-3714
1406
-1840
6601
-4858
-9868
-2231
693
-1448
-4975
9262
-1773
8163
-4094
1199
-587
-5217
-8664
-1643
1539
-5084
-7544
-7200
4926
2082
2281
-4371
-7774
685
89
673
-3888
8313
5650
-702
-1266
1896
-7269
8262
-5403
-1312
9587
2533
-7851
-1408
1834
-7110
-4057
8148
8208
1065
-3427
-507
-6928
-1383
-9740
-5993
3232
-4474
8899
-5009
-3693
-872
6689
7602
-6673
-5514
1199
-3629
-5688
-8458
-6732
9581
5633
-7783
-4059
2095
-776
278
679
-3016
-8411
1621
-7271
-7548
98
-963
2636
-7737
1127
2317
2773
6168
-6922
-9902
4421
-1458
6688
-366
-1707
1105
2686
1735
2535
-1462
5603
-8049
2412
4604
1874
-4311
992
-1994
-463
-7652
-2179
2378
7041
5554
-4242
-1607
5062
-8627
-6205
-2959
-6484
-328
4773
2936
-5941
-2050
-9720
-2042
-1240
-5060
-3254
-4196
-7519
-4559
5874
4139
2211
-6564
-5094
-7434
-2115
5641
2866
-1124
-1193
6114
1219
-6954
4677
7499
3411
9761
3194
-2382
8329
-5546
-2920
-7291
-8303
-1248
-1329
-3521
-8031
-3731
-4668
9223
2141
-5787
657
4281
-8903
4957
-8691
-6047
383
-5723
-2770
-2125
-4271
-186
2925
4497
9038
1968
-920
-4311
791
-3056
-2066
-8915
-1418
7394
8248
2585
5560
-6075
-9005
5430
-9766
-3403
9028
963
-7702
5813
-7731
-4656
4398
-6997
-6165
-18
1119
-305
-3932
7301
9595
-7673
-4927
2084
218
-1106
6584
7549
-9824
-9484
-8052
-2991
-1710
-8757
2390
9033
1740
-7618
-3933
7143
-8110
-4059
6530
701
-2332
-5035
-2920
2492
6041
29
8150
912
-7260
-6705
-5236
6987
2553
666
-8164
-3362
-7243
8546
2227
-50
-2244
4265
213
-2170
5917
-7380
7450
-6006
-4390
-6442
405
-723
-1075
-4433
-419
-2555
-4669
-3373
2053
-4069
399
-8884
-8561
4261
-3908
-7206
-4191
4025
3042
2929
4631
2523
-5029
-8028
1241
2455
6293
454
-1459
3607
-151
1519
752
-5141
-6067
2301
-3583
-8371
648
-1122
-4322
-4212
-2299
-5238
2548
9756
-5749
-9544
2866
2676
-2455
-3863
5469
-3876
536
-9242
2793
6372
-4869
1746
1637
-7183
-4951
7321
-6727
2366
4431
5385
6828
9986
-1232
-8125
-6999
-3252
4046
-240
2465
-4234
1101
-999
1748
-8839
3223
-8334
2445
-9700
-9831
-3882
-4499
-8590
-1032
-3845
-6805
2149
-4928
-4133
-8552
4015
888
8826
-5786
-7801
-2880
-7415
4074
675
-5198
9894
9729
-8963
1996
2887
-9326
-6354
-5936
-5962
-2574
9347
-8053
-6275
-2225
6701
-5228
-2875
-7867
1337
-6632
-3298
2069
-6845
2516
-2344
-2794
-5593
2723
-4614
-6037
-3270
-391
2738
-1895
-8169
-8755
-3256
5009
-5635
-7202
8794
-5262
-5994
-2640
-6108
-365
-263
6552
830
-4002
9334
-5961
-3222
-7529
-2330
-9976
5166
296
1962
7711
-6241
1047
-7560
4074
-3107
-12
-209
-2788
7080
9595
3149
5354
9737
2871
1473
-811
-2895
581
5314
7050
-4472
-9669
-5694
774
7687
-9462
-3427
5629
-8801
-4032
-3338
9341
9662
2544
-6300
-4690
6450
2999
-3159
-8323
-9428
-4649
2660
4698
4457
6
-9079
-834
-4278
4491
9358
-2255
-561
-699
-6362
2380
-1572
-4239
8946
282
-8905
871
2292
9989
-1377
-2077
8169
-3602
-7946
6155
3057
-6758
1308
-723
-4370
-233
1570
1255
-9258
311
-6019
-9748
5092
-3910
-9894
-3226
1162
-7213
-4592
-2889
-6069
904
-6020
-9722
6317
-2851
-8118
5495
-5364
-2545
-4624
-1832
6028
-1604
-7520
6150
3154
1001
-9284
-6876
244
1828
-8179
-9934
-8659
-665
-6673
-6460
-75
3809
4143
2405
1809
-4079
-2760
-7005
-9049
-9327
-216
-3118
-2507
-8196
6347
-8089
-2974
1513
226
-5945
-842
7576
9794
-2651
6246
2510
1059
9446
-7470
2404
-4073
2855
-3342
6847
-6915
-7232
-9844
792
4816
-1846
2091
8295
-9919
-1281
-4338
7036
-4084
2720
3774
-3446
-7450
1630
-9598
7403
-9513
7058
-746
737
-7384
-5555
-6855
-5511
221
-3401
-1627
-8812
-4667
2640
2148
-4119
-3859
-4355
2083
102
700
9251
-802
-6058
-3938
-2679
8742
-4633
2106
-6419
3713
9900
-7256
-2160
6221
-8929
-6876
-2800
3276
-8181
613
1883
-2535
-1526
8620
8705
1027
6891
-8327
1226
786
-5930
8675
1734
-1779
-9645
-216
-7858
-1920
-5081
-8287
-4833
4280
-6784
3065
-3317
8850
2132
1086
-2376
-6926
8293
1465
-8321
1079
999
-4677
-7978
1166
-2810
5659
-1355
-6554
-2240
-6021
2739
-4316
-9925
-6128
6066
-5608
-8237
1603
-7813
-2640
4243
-9324
266
-7477
-6809
-353
1707
-8942
4846
-6304
-7514
-1662
5109
-4772
8667
4237
-2815
-6632
-2488
8354
-3379
-4305
-7856
-7095
8406
-6623
-3393
7796
-6893
-1653
-3480
-6190
-8631
4128
-5037
-8156
8639
9359
-9549
-1419
-8852
9252
-8868
-3480
-6663
-7242
789
-2487
-6747
-1668
-4566
-815
1219
-4155
3142
-8731
-3382
-5631
-9026
6555
-1489
-8543
-4943
-2684
4493
-5306
-8689
-9373
-7548
8181
-3528
-8475
-7157
1098
-4793
3180
-4962
-4721
-1682
8332
-6726
5103
1411
7130
-5525
8325
2235
-7776
7492
-6056
6071
-6314
-112
618
-6468
4399
-3291
-7027
9543
1904
6497
-1287
7394
-4794
2607
-2307
-9073
-3208
-2549
3731
-2739
2395
-6136
-7978
1372
-2940
-2803
-8329
-9063
-4414
-4697
-9777
-4272
-4113
-197
-8144
-1775
4412
8154
-7714
1283
2388
-2245
-4571
-3081
-8828
-3678
-414
6972
-7723
168
-5242
-5830
-1762
-6859
-1541
-9061
-9702
2545
1829
2376
1237
-4164
-4884
-2062
-5398
411
-5862
-4039
-7696
2164
-7488
-6616
-3692
-1669
8510
-7937
-9597
-1395
4516
3415
-7926
-6565
9649
-1090
1696
-7571
-7963
9899
-4319
-3969
-7851
-8081
7422
-4690
3259
391
-5038
1749
1072
6876
3096
-3653
1790
-8669
6044
-7320
-5522
-5146
-7121
1111
2313
2791
2302
-5680
1564
1888
2501
-7146
1405
7730
-7039
6591
-6609
-682
-315
-7488
1376
-5067
-8690
-9323
5372
4416
-9833
-2953
2043
8600
1488
3147
28
-1072
-4756
-1305
-1703
-8204
-4
-2227
1073
-5942
-7848
-1257
-3766
-9162
-1659
-2792
-4580
6565
1940
3904
6150
8644
-27
3008
-4540
2575
-5800
-657
3459
4528
-9316
-8340
-3502
-7065
-4091
484
-8420
-410
-4760
-3368
-3850
-2016
-6718
-4073
-10
2563
-4463
-5710
-1724
1732
-1838
-7023
-6413
-5540
-4574
-4161
-8367
8656
7010
-181
-2756
-6317
-5276
-9197
-7370
-8399
-8349
-1190
-3235
1190
3502
-3909
-587
-7058
-5882
6211
-8377
-9600
6417
-8938
-7826
669
-2074
-8035
718
-6683
5194
9689
-8407
-9494
-5059
-1738
8398
2027
7316
5512
1809
-9800
-2390
272
7776
-7621
7763
927
-6349
-4647
-2576
-1571
2180
4309
362
-8595
-6333
-9164
3642
1836
-5469
-7991
-5051
-8105
-7849
9289
-4527
-5739
-2590
-2018
2449
-6927
-5174
-2684
-3773
-7029
1263
-5202
-5313
-662
761
-3350
4329
-8141
7129
-1592
-2331
-8451
-4981
1942
-9452
-7707
-362
-1908
-418
-6783
-1407
-529
6150
-9391
-8672
-5869
-7739
-4101
-119
2075
-9990
-6252
433
-1915
156
-891
50
-3957
1557
-1657
6795
-3487
619
-7152
364
2534
6719
1778
5074
-7783
8730
3999
-2992
3307
-2653
-8399
-1778
-7245
1941
7049
-8488
6919
-1871
2646
-3249
-2262
-3502
-6856
-6239
-2880
-4097
-5371
-3007
-6165
-6526
1772
-7055
1711
5824
3001
-8036
-9735
2946
-296
-5269
1887
-7726
-9730
8888
7529
-3474
6405
5501
-5168
-4010
-491
-4529
-8283
-9209
-7766
-9518
-7051
-243
-2733
1798
8045
-8588
-2855
-2753
-3656
-5633
4643
2462
-2191
-2466
8151
-7333
4086
-261
1152
-6558
-5416
6868
-8265
-8801
-5124
8429
-5381
-2660
445
-6203
-6011
1739
-4559
-1656
-1221
-8160
-6260
-8408
-4319
-1439
2154
-1080
-3113
8672
-8183
-1289
7808
-5337
-7914
-5853
-5249
3030
-246
1966
-1306
8138
-3340
2046
-7471
-3107
2970
5490
-7793
-1834
2585
-3047
420
-1225
9685
-6842
6444
5118
2636
-2819
5888
-5206
6189
212
-3267
-3559
8618
-2795
-4157
4283
-5270
40
2523
-6751
-2430
-5422
-7939
-4776
803
2296
-5263
6104
1849
-761
-2283
-3020
4331
-1066
-3618
2556
-5402
1386
-7933
-6718
-2720
-549
-9130
-3338
2487
-3782
-2062
-2374
-8037
1288
-3650
-4655
1068
-8942
2472
3385
6852
2621
82
-1765
-2154
8922
2167
159
3066
959
-7965
1157
8162
2135
-2649
-2382
-7155
-2471
-8718
328
-2488
-3146
-2247
-2726
-4697
2358
-7112
6175
-3303
-5115
-5478
-8252
9249
1323
-900
-9819
4668
-4678
-5998
-2496
8199
491
-2173
-9694
-6011
-9909
-5897
-3230
-9667
-4176
-1382
2616
1889
-7916
-8197
165
-8
-3654
1037
-3406
-3756
9524
-1222
-8286
7523
2473
7767
-3326
8014
-6642
7725
-2467
-1029
8001
-3934
631
8824
-179
1723
6266
9653
1102
-8585
8875
527
-6759
-7423
-4673
9268
-8900
-1781
-5131
-4126
4037
-9295
-2595
-9102
-643
-57
-4617
1366
-7519
1042
-1280
-1216
-9592
-4115
-9200
4420
2119
1112
2657
-3426
406
-6672
3563
-4523
-1039
-4234
1750
4995
-1852
-9195
6671
1229
321
5576
-4966
-7240
8948
-3687
-4148
-1251
-1193
-1306
6098
6268
3851
-2935
7956
-8625
-2785
3610
-9248
4865
-1069
5900
1311
-1729
-6526
-3138
-2260
-8500
-1766
4758
-4922
2332
-6896
-5370
773
1721
2962
-6255
5034
266
7453
-4139
-1512
-1321
-6321
-8257
-8886
8068
7103
357
1917
-316
-3381
-2508
1392
-7949
-7853
-5436
9869
-2727
-4217
-1613
-4956
-1320
2714
-9391
-9886
-511
9568
-9605
-5481
-6201
-2570
291
-2563
-4263
-5538
-2824
3931
-1048
4910
-1534
-2525
-9646
9865
-113
485
504
-7890
1837
-7042
7731
-4496
-4873
-1070
-5848
9544
-5004
-423
1301
-6619
-6630
543
-1160
587
4635
-3418
-5911
-2786
8506
237
-3739
3828
1019
-1927
-5808
4274
-1081
-5624
2328
1626
2085
-4375
-2017
7489
-3704
9269
403
-417
-1995
-4362
-4513
8236
-8933
2277
-8406
3304
-5885
-483
1779
2168
461
-7029
-1694
2648
-7400
-1851
7144
-5330
-3390
7326
-4933
-3744
-8720
-5257
70
9344
-4432
7703
4100
-1109
-8643
2397
5608
-2822
-4701
-7530
-1825
-4144
4389
-3606
2075
-1229
-7110
-1989
-8824
7461
4831
2099
2081
-439
-5432
-2830
-3191
-4539
-4168
-6258
-9807
2356
-8267
6048
-3712
4658
2741
8377
-7852
-7528
-2532
5110
1412
8589
-1850
-1612
2409
155
3530
-9657
-7427
-4512
-233
6407
-5661
-7802
-6012
-2552
-8281
468
3655
-8458
7015
9798
8705
759
-9743
1370
-5885
-5808
-242
-4403
-372
7760
2977
-8089
1297
4933
1609
6963
-4766
661
9676
-3215
972
-9718
-9354
2287
-7750
8046
-1024
-9132
-3072
856
591
-1377
-4487
5701
-1858
-6416
-3825
1481
-9987
-1051
3419
-1847
-9383
1832
1229
2018
6495
-9243
-9555
5997
1274
-4061
-6493
-7740
195
-4021
789
-8217
-8931
-8147
1039
2651
-2091
-9468
-6456
-624
-144
2519
8355
1840
-5813
-4798
-4397
-8565
7098
-44
-382
-1643
2516
-7685
2258
-6442
1170
-5798
-8826
832
3571
-4122
8924
8892
-7902
8680
2876
-8313
1181
-1854
2068
-7836
8623
5626
-1180
-8279
-6756
-4816
826
157
1256
725
-5898
9222
-2416
7161
-9415
-4804
-5224
-5407
2043
-3423
-3415
-7902
3862
-1291
-4358
-7798
3597
-9019
-8752
1596
-56
-9850
-9023
-2976
4478
-2465
6780
-8296
-3912
3209
-4756
5877
-1707
-9092
-8996
1737
-8470
163
9752
-1503
-2615
-9964
-6318
-7092
5164
-2019
-5875
-6656
329
-2659
-8585
-835
9448
-1474
-466
-9104
-3498
5015
9617
-7683
-9257
7957
-1009
1048
-7164
7968
4544
-8300
8012
2357
-7401
-7106
-2788
-3395
-8235
1321
-2491
6392
515
-5844
6172
-4169
1912
3884
-323
-109
-3614
1492
-5196
-4613
738
2732
-7969
873
-4263
-6358
-5652
-1255
-3103
-5310
-4696
315
-2400
-2398
1337
-3897
-8103
4036
-2070
2735
-6142
-1541
1260
-7461
1598
-1999
4850
8721
769
-4108
2499
-9102
3290
-9365
5077
-6930
7569
7728
947
-2927
-1844
-2439
-7900
-4486
-2121
-267
-5526
-6793
-2394
2498
1348
-9557
8212
-6029
1695
112
-9907
212
9835
2429
-5835
-7690
2502
7591
-4354
5698
1827
5836
-1186
9139
-6043
-3891
-6363
-9150
-8851
-4228
8809
4769
6676
8087
3813
1835
-4967
-4108
-3521
8476
-7680
-6082
-7118
-1572
-910
-9697
-3100
-3741
-4598
2525
-5192
-5960
4882
5098
-7349
2075
1736
4503
-7179
-156
1382
-919
-2631
3786
5666
9167
-4869
-3607
-8621
4562
-659
9821
-7755
-4114
-9327
4244
2191
-8193
-8455
-1150
-5644
8256
239
-1769
9192
1425
-7203
-3665
1379
-8074
-3418
7978
-1448
-6393
5555
7931
-6566
-1338
341
2498
-6569
-7892
-9210
-8544
-8984
-3801
8340
-3231
-6166
-7257
-2184
-1506
-4276
-3339
-4437
-9946
-5172
2792
-3715
9018
-1282
9076
-6212
-1032
-9234
-6142
-5796
1179
-6522
-7420
-9321
-5375
-1712
-8406
-1870
5196
-9250
-1167
-5087
-6739
-6164
7389
-7859
-2499
-8164
2344
-5899
-9490
-5781
1816
-4843
-4415
-4446
437
-829
-5318
2317
-9954
-834
-6894
-1973
2418
-5686
299
-6300
-4811
1975
-2615
-8766
-9514
9123
-8739
-102
-3639
2559
5478
2058
-772
-6667
2581
-9560
8520
5834
-2899
7961
5991
-4544
-2732
-8452
4261
-4863
-1114
2517
697
-1961
5193
-7460
5237
-9281
5502
-709
2716
-610
-6307
9311
-2315
-2348
4866
8961
-8803
-6798
164
-1076
-2432
6982
9159
743
-7732
-8770
-5742
-5305
-9538
-2646
8228
2184
-739
-3354
-3038
33
1490
-8400
-5675
-2287
-2965
5535
3763
4481
-7675
-683
3706
2148
6994
-2189
-8094
1922
8267
3344
-1514
213
6832
-4159
697
-6893
-1679
-3930
-5265
-4529
-85
-3683
-288
-711
8338
-5899
-236
-9205
-4019
2601
-4411
5705
7590
4460
2868
1664
-7455
2659
-9862
-2129
-9908
-7025
4641
-4115
-7272
-8267
-4685
-6743
-8920
5913
-686
-4913
-8985
-7067
6764
5773
-5185
-7918
-506
-8428
1416
-8504
-7489
5631
-6276
1598
-3942
7353
5877
-8762
9170
4796
4400
1711
7250
-8458
6799
-3423
-1178
-6030
7690
3757
-4298
-3053
1948
-6232
-6583
68
-5406
1651
7857
7344
-2076
-6110
-154
2027
-7150
7029
2579
2265
7732
5673
-239
-6928
2714
-5773
-8465
5240
-326
-2262
-4387
4724
-1027
-7448
8767
-8766
3120
-5910
-1341
-4889
4288
-7777
-6277
-4151
-3351
-9922
6597
-2219
4494
-2408
1798
-1816
-7354
-9457
-5344
3733
-4330
-9786
-4447
5466
-2524
1212
-2404
1815
-6837
1332
-2090
-3131
-6805
-4969
-9310
1727
-382
4829
-8433
-5371
-8543
-2714
-3488
900
5593
-3793
-1315
1166
1715
-5405
-2488
-2608
-3158
-4559
-9807
-5019
116
-4547
2062
-7805
-4101
1368
8134
-5727
-2603
182
-308
-4142
947
2739
1460
-8336
1073
2434
4259
-8255
-2279
6339
-8961
-6765
-6778
3502
-496
-213
-8321
1751
-8058
-1951
1297
5846
6586
2403
-8074
2782
-9963
-7392
-9096
2829
-469
-1432
-8425
2541
-9228
1967
8645
-3399
-750
1331
-5671
-8006
2260
-2080
3075
-7371
-4514
1776
3037
-9529
-2647
-5098
-9789
-5298
-344
9628
8933
1770
-182
-2998
-6246
421
-6713
-2261
-553
-5869
-9229
3756
2176
6100
7352
-5276
4575
-9506
-4189
251
-2861
-5727
-3234
-7900
-8822
-7166
1344
43
2611
-5973
-8256
-9354
-756
-3225
975
-5912
8708
-5433
-1211
-2558
-1155
6249
27
2285
-369
-4136
-9125
412
3956
-7530
7991
1228
2304
-2342
-3370
-8145
8242
-3211
-1101
-1590
9737
-5541
2538
122
7064
5086
-4631
-2465
-452
9339
4784
1331
-7473
9882
4405
-1222
-8939
529
1350
-8001
-1857
9100
-6540
3356
-7984
3402
4814
7258
-3464
9127
5069
7513
-3381
-5376
-4594
-7694
-467
-2701
-7835
-1319
-8915
-7032
1998
-7351
-4876
2094
-6328
-9572
-3521
-8347
-7715
2681
-9784
4869
-5818
-2125
746
117
-6963
-3124
-9752
9951
6035
-4704
-3452
4549
8468
-2367
-9866
-974
4422
-4097
1918
-3852
4842
-1941
376
-6741
-2340
1468
-4783
-9507
876
-9231
-4872
-2422
3250
-2471
-7078
2279
-3299
4400
-6264
-93
-4722
-8791
2137
-8816
-9244
-4940
825
7488
-266
-3689
-8331
-4563
-4760
-8958
-2272
7067
-969
-672
-5132
2464
-6472
-7536
5240
-7197
1057
3798
-9404
-7643
422
-8598
3234
191
4647
6203
3190
-1588
-1177
-7504
-99
-5082
-1473
-4246
-4547
8149
-6732
1266
8500
-5020
517
-7054
-1486
2678
-1366
1851
-9682
2202
827
6897
-6990
-8551
-9202
4581
5147
5307
-6716
-34
-5634
-7426
131
-2564
302
6863
-7642
-1183
7708
-2537
-718
6920
-1349
1778
-9555
-1705
1328
-9592
8267
-5699
-2462
-9260
1386
-1454
5965
-9652
-9122
-9786
-2243
-4166
-8530
-6312
286
-1359
4129
-3036
-9329
-5059
-7149
4354
5594
1786
-979
-4856
-1214
-1687
8277
-3750
-4326
7388
-3518
6909
5949
-8838
-79
6437
-3718
2307
-7075
-7528
9519
7370
4014
-8235
4890
-3189
-3286
8814
5997
-1443
-1071
-5579
-7169
-9082
-7027
-99
2443
-4015
-4763
-6975
-1228
-6020
6550
-1950
-7995
2293
-4610
-7476
-8189
-793
-7114
642
761
-5649
6859
-1606
7612
-8558
5764
-4160
-8564
-9579
-6588
-1886
1397
-2876
-3625
271
2274
-6028
-9081
-7499
-9433
-1457
5425
9525
-3195
-9267
3412
274
1423
-4608
1454
-3637
-3546
-1006
-3989
975
1675
-8942
2841
486
2325
-3442
-6345
-5036
-8477
-3174
9848
5988
1100
-2469
514
-7169
-7972
-4707
2041
2716
-8380
1928
-5859
-9183
2247
2135
-6994
-835
-2727
-3172
314
2878
-4207
-6125
1487
-4156
7571
-3697
-4623
-8464
-4465
-9389
1523
-6396
852
-2006
-3488
6437
-2085
-6321
-5449
-8636
-7640
-3664
-9438
-9379
5202
-5133
3904
926
-2530
-3307
1439
7277
-9229
568
-8304
7365
4554
9536
-5636
-9633
-9820
1525
-4014
-9672
-832
8942
-4700
-3824
-8756
7310
4789
5392
-5956
493
-439
-3408
2233
-8517
-281
-1353
-5765
7972
-577
548
-2629
-2322
5443
-7154
2531
-3319
-2469
1032
9832
9544
7038
-4280
-7207
-4439
-4966
-8057
8822
-515
9335
-3990
165
-5754
-2980
7138
772
1274
-3055
-5552
9402
-6639
-5628
-2195
146
6972
-1617
-4789
2631
-8526
-6438
-1995
6051
-1196
-7842
-5541
8646
-1943
-7765
-7629
-4286
4906
8456
-2150
-4977
-2013
2722
9403
345
-9545
-7648
-4431
2208
1635
6456
-4336
-9796
7145
-4611
8033
-3842
965
2274
1100
9726
-9631
-3656
-9189
-7248
-4525
1787
-707
-9225
-6504
-8369
-2105
4158
-7348
3748
-7966
-2332
-6761
865
1602
-9000
-8954
-5792
5011
1382
1053
-9449
-8296
-944
5512
-3689
566
0
-4999
2744
5231
6846
-5362
-6891
-5654
-6115
-6188
-9676
2716
-550
5258
-1689
-7584
-5688
-3066
-614
-9973
2599
9758
1764
-67
-5932
1248
-7295
4506
-2557
-6750
1156
922
4275
-6848
-3515
-7779
-999
-4316
6751
9606
413
2401
-7554
2301
-2576
-9406
-842
-3330
1809
-8693
-5965
3443
-2601
2644
-4977
3258
9680
-2791
-3929
2605
3779
-8836
-4882
9891
-3491
3907
-2556
4177
232
-7940
-9438
-8587
-480
8907
9592
6228
-9695
-3231
-2600
5186
5479
1355
147
4035
-1264
6192
9319
4847
5122
2579
-4849
8987
6228
1248
-3422
2229
-1082
1574
-3584
-8625
-6572
4991
-2009
384
6923
-9033
8103
9193
-3333
-2036
-3018
1557
-2802
-7598
-3259
-8126
-5416
4667
1746
-2235
3857
692
8128
-9943
-7937
-1196
-4956
1433
-5259
4626
6176
3683
-8348
-5453
852
-5198
1064
3151
-9228
-8989
-7516
-3861
-5322
3647
-8431
-3931
-9651
4922
4795
-4356
-4997
9348
-2394
-8187
9635
-8191
-8499
-2016
92
-5798
-4522
8464
-4053
1616
7074
-4189
-7276
-7248
6943
-8583
-3160
-3380
-3326
-667
98
-1946
9753
4303
5655
720
-7844
-9989
-2614
-9869
-8121
-6867
-3713
5357
1094
715
8596
-5732
6415
5414
-8596
-7486
-5198
-4524
-3381
8291
-2186
-8577
296
3307
7263
-9404
1216
7350
1164
-2954
2088
1935
-1432
-8032
2790
-9542
7680
-8460
1151
-304
-6895
-3296
1330
-8662
-6138
-2498
5737
-5631
1825
2480
-8219
-3022
-4808
-4246
-6720
-985
-318
-8175
537
1139
9010
-1598
-4470
-3649
8868
725
-7594
-1660
-7436
-1917
-6263
-9352
-1097
-5499
-6400
-3381
-2076
-1856
-9720
-9709
-236
-8162
6887
-9657
-85
-546
-4555
-1495
-5996
-1775
-1065
-535
-8012
9403
-8925
2406
7000
7103
-1437
1590
2351
736
-8924
-9784
7264
-9565
-922
-2713
1427
-4013
-1643
-4255
3188
-8121
-7623
-5816
-4456
3432
-9871
-5574
477
-7220
-4355
2173
8121
-4759
3036
5357
7085
-3064
-4650
-8775
1113
-2828
-4422
-2775
-2862
-320
-2966
7557
-6247
-8929
5269
-8686
5768
-2991
-2939
-9730
-7803
-3413
2650
-9921
1220
-978
-8327
-7689
-1847
-3660
2173
8347
7882
-5098
-6474
-7468
-7754
-3542
9938
-4379
6585
-7579
1270
-7922
5312
-6868
-9999
9936
-1416
-8889
2578
1874
-4515
-8015
2010
2819
-4238
-677
4687
1665
-3378
-1018
-4306
-359
-7209
691
-8854
-464
1873
-4348
-5005
7235
-3400
-7845
9488
-4695
7533
8835
754
2433
-9875
-4785
-9366
-6232
4808
-5916
-808
-6581
1038
3836
-5881
-3711
-913
-2556
-7208
-145
-4610
71
6333
9462
-2861
-2321
-889
-6518
7291
-4309
-6079
-640
106
9003
7711
4750
6287
-7408
6833
-6066
-6646
-4663
1628
2243
5858
-3976
-9461
-9025
-5101
-2600
4642
-5274
1125
-646
-4428
-661
4514
7922
-5676
-798
1704
5913
-2062
-1063
-3490
-5844
4735
5183
-7931
-7404
-1456
-9850
9807
-5942
-1266
-5232
1971
-102
-2655
-3515
1666
-5784
-6669
643
-7149
-9070
950
-3366
-6811
1459
9125
-9482
1991
720
-7799
6398
-8751
-5489
7676
-2853
8184
-2110
-1261
636
-3363
-8977
-3627
-5638
7468
-7224
-7532
5082
-1981
-5345
-9835
817
-1933
7736
-913
8618
-6616
-8003
-6017
-4727
482
-3145
5744
-6092
-5682
4443
8829
-8053
1679
6147
-8484
5112
-9892
9471
4092
-3253
-3854
5292
-9495
-9466
-9150
-6526
-6034
-3658
1676
-9516
-2266
-7007
-5361
-5996
1354
9833
-5857
6071
-5107
-3162
-4967
-4745
9705
471
2547
6654
-4488
-2432
1973
-1503
-1049
2761
911
1386
-6648
8112
-6396
-8709
8937
-6565
-6779
5968
4706
1738
-3548
-4956
1840
-6023
-2650
-1033
7114
-7942
-1797
-4819
1033
-1272
-7349
-3525
-5042
732
5009
-4802
-3838
5599
-7925
14
-9796
-3712
-4782
-8814
6795
3432
-345
-5711
-6582
2797
4879
-2094
793
-7389
-3647
6687
-2835
-2054
2429
2149
-2777
-6620
4032
-6782
-7549
533
-1451
-4704
-8783
9105
-2642
-8259
6923
-4959
-8813
-1300
-4292
-9980
5338
3329
-9881
-8849
-233
9545
5547
2991
342
919
-7360
8845
1798
-1753
200
-9324
601
572
-9343
-2828
-9814
-3027
-2240
-3288
1887
-5087
-8869
-8617
5264
-7530
293
2009
6501
-185
-6111
-7780
3685
6607
-5649
-5275
-2387
-6104
-7734
-6631
-3040
-4743
2805
-5250
-9089
-10000
-7695
5119
-4230
2574
-8588
-3027
2662
1184
8824
2764
9456
4660
-5616
6094
-3216
-7284
-3359
-8777
-1472
2667
206
8077
6639
3930
2067
-3895
-3182
1893
-139
-3442
-6310
-952
-1510
2046
-7828
-3096
-2985
3562
-5908
-2779
-1176
8137
9563
-6705
1027
1321
3
-4617
-4116
-8947
-5552
2696
-210
-9874
-2237
2643
899
-9628
-3167
-8974
9875
3241
5074
-1432
-9628
-5637
-4411
3400
1391
8035
760
-5930
5554
724
-7590
6097
-7515
-907
6312
-3825
-3569
7171
-2912
-342
-8232
-8623
-8494
-3331
-6782
-3470
2426
-2008
6100
8760
301
-5573
-5288
2749
-590
722
9510
1538
-6413
-2213
-6497
2485
-6923
479
-9762
8698
1573
-8769
6989
-7294
-8588
-7619
-1515
1918
-6972
-8513
9080
-1863
-8895
9521
-1759
-7805
-2443
-8664
3868
-3381
1879
-8306
-6141
-6897
-795
7740
-8
-1418
-6796
-9215
-552
4541
3523
1069
-9200
594
-9356
-5081
-2964
-3044
-7872
-6879
5837
-5275
3105
-5199
-317
3282
-5870
-5448
-2503
-5873
-1569
3304
-3860
-3118
3350
3842
708
1213
2685
-4478
-5508
-6615
-5463
8448
-3295
6970
3500
-7279
963
4054
-3986
8141
-791
-1606
5216
-5579
-8673
-1428
-2516
9875
-6377
-5075
9360
4996
-3794
-622
-5300
-7917
-8598
-1452
-5861
-9879
-2739
-124
7168
2210
-8090
9476
-1984
6466
-5273
1424
-3465
-3576
-2251
6148
-7515
4192
-7774
5274
-7510
-3584
3102
1875
4915
-9622
-5811
-7783
1041
6234
659
257
-2189
5244
-4968
1014
-6929
-1029
-1846
-5514
4955
-4544
-4165
-364
2947
-8837
2839
-5208
987
-1443
1710
-9820
8661
-635
-3145
-2364
1903
9990
-6096
4909
7566
6141
9897
-8018
8369
-2587
2594
-6614
-386
6962
1073
2649
-5598
8697
-5590
8843
9145
-1138
8696
9870
-4951
-5580
-8271
-9262
7380
6159
4168
-4694
-1845
-8708
2852
6551
9641
-7805
-1104
-832
-7432
-1621
-1579
2532
7736
-3345
8071
-2188
-832
4879
-6374
2618
-6334
1034
2369
127
-1674
5611
47
-3254
208
-4157
-5606
2254
6995
4213
-3956
4127
-5495
5335
-5261
-7839
-7340
4054
-9800
2510
-5919
-2629
-9552
-1903
-8614
-372
2038
1355
-2011
-1962
-3496
1347
-2806
-9877
2575
-2408
-3889
8008
9718
7350
1067
-2695
-589
9740
-5958
-7427
-9894
1115
-8084
7279
371
-9199
-62
-1028
6808
-9643
5915
-38
-4285
3336
-2836
-9221
-3417
5282
-8177
-4355
-8323
-6687
3165
-9977
-2077
-4566
-4259
-5648
864
7848
3072
8706
-3957
4914
167
-2180
2285
-9997
-1532
-900
1348
-2580
4169
894
7178
4725
-5284
-6528
916
-7580
-3831
-5974
-5536
-3697
-7618
-4662
-7609
84
-7055
-2236
4764
792
-4476
-5399
-9106
-1584
2732
-4856
5745
-4931
-6994
1475
-8899
9147
-4179
-9469
-7373
1276
-6721
877
649
-2480
6917
-7658
7262
-3160
-580
-2058
-6194
1914
2863
-2054
-2547
-9497
2735
-1089
5839
-9252
-6810
-4361
8068
-6697
-1239
-4105
-1301
-1398
4334
-9491
-4218
6629
-7107
8300
-7476
-8690
72
3533
-2688
-2444
-8193
-7626
1214
-794
9470
-8837
1724
9565
682
9127
-9584
-5760
-8323
7094
-2513
-4568
8350
-5597
6839
355
1428
-4441
-1493
6776
-8996
-2878
-6649
-6744
-101
-4236
-627
669
13
-7985
-6273
2814
-7769
8913
-3182
-9856
8283
7756
-5763
1026
-7883
-7480
-3015
-6534
-8206
-6581
-8953
-2291
7081
2874
-2582
-7171
-3065
2039
5538
4326
-8317
-5868
6352
-8183
848
-1974
-3942
-5973
9937
6850
3957
-4936
-9206
3382
-257
907
-1605
6330
460
8371
-3473
-1156
-2013
1006
594
-661
5581
-6213
-2587
-9
-2911
6990
8974
-4874
-1330
8993
-5935
-656
-1483
1171
-8668
-2442
813
6734
9183
-2102
7738
-9277
6483
-7377
3792
-4837
1853
953
-3914
-1742
-8774
-3997
-1961
-8998
2108
-7707
3314
-312
-897
-2302
-6801
9773
4054
-9015
-8520
-9757
-2742
3317
1509
-7319
-9246
980
6329
-3949
-4921
5203
4843
6749
4483
-498
4902
4510
-6906
-6390
757
-1820
-5738
8044
-9351
-4867
-9569
4960
-9507
2388
-7385
6812
-1843
-7426
-8728
-9434
2146
5556
-7010
-4388
1985
3969
2205
9259
5158
-6083
-1463
-1375
-3173
-3686
-2495
4298
7213
-5855
-7173
4116
-7169
9238
-7656
2485
-6911
-5344
-6579
-9840
-5412
9934
3497
2677
-4722
-4109
3543
3622
8479
-2476
-4160
-319
-4502
7046
-9992
-2534
-2915
-6577
2322
-4569
1799
1142
8628
-3773
9197
-7815
-4754
-5524
5503
-7720
-2448
8751
7947
-7174
-462
-7291
2673
-6191
9175
1852
-9290
8505
3288
1052
8605
-5601
-4936
1248
3731
9863
-801
-6994
-9110
2701
9894
-4892
-8087
-4338
5039
365
3169
-1149
6263
-7456
-62
-6739
-8435
-9342
-4688
7317
-5946
7688
881
2963
-7127
2116
904
2126
7281
-9794
7655
8390
8051
-8990
-9920
-6993
9499
3100
-8485
7327
6941
-9025
-3729
-2455
-85
-2419
-2132
-2485
7235
3441
-6603
9542
-7477
-2640
9559
-4309
8415
1313
-1965
-9570
-662
-3814
-7424
502
-2957
9295
-8592
-3102
-2279
-2444
-6930
3570
1668
-406
-1326
3893
1810
5979
-5362
-4929
760
2140
809
5965
-9202
7644
-5392
-2549
287
8477
-5144
-4299
6859
6045
582
-801
906
-9830
-3870
6031
-3284
-3626
8
-4944
3722
-9097
-6543
-3158
1591
-5133
-4015
9679
1848
297
-9356
-47
-7496
3092
5028
506
-5644
8669
971
1150
-2660
-7283
1057
6216
2621
-1588
-5283
-2818
-8424
9063
1361
-4350
-4137
-7955
-1548
2165
-2624
222
478
1059
-6006
-9916
3516
-5540
-1328
-5663
-2886
-8609
-9723
-1653
-8634
637
2920
2452
1752
-7975
663
-8113
1324
-2218
-729
7377
6224
-980
-5356
-5676
2403
-9252
855
5795
-484
-2331
1718
4433
-1815
-9675
9440
5321
-3
-157
-5736
-3572
1314
379
-1326
9273
-2283
-4162
5598
1993
-2381
2080
1409
1914
-3473
-3493
-2360
5973
-3964
-3098
-575
8650
-2669
-4996
-9437
2136
2630
-958
653
7766
-6063
-2898
2488
462
-3002
6179
6022
517
2368
-8870
-9286
5986
3422
2213
-2995
-1715
-7436
6485
-2084
4919
-6236
1755
-7641
-838
-3477
-8241
-136
-1084
-424
-6610
-5502
-529
-6270
-4088
-2325
-4014
6587
7258
2090
9599
-5281
117
-9675
-9182
6066
970
2484
-6288
1928
-3934
-4904
-6750
-2489
-1211
-9196
-4513
-245
903
-1087
-1510
-4568
2336
1636
6014
-7467
-2248
3578
-5594
7463
-7577
-9658
-2290
1083
-4548
-1933
5905
-3433
-4806
-1092
-6806
-2188
-6136
-2940
-4482
118
-7862
1612
7390
-3011
5837
1859
-2331
-1410
1665
-6466
-8185
-3661
-7160
-2261
-4882
-6542
-4394
-2811
-644
-6628
-4879
4770
-712
2393
-7620
-784
9510
-993
-8302
-1754
-5100
-3592
-1708
-2024
6878
-5145
2533
5574
-5974
8355
-9419
-2633
-3690
-8794
-7106
426
8916
-5145
-4148
-6325
2353
9100
2018
-6652
-5763
5755
-2088
-7946
-5720
4370
-4345
3050
-2964
4889
-8376
-3968
-7959
1747
4637
721
-9006
-8452
-4887
-2284
-2223
-5678
-1629
-8773
-9250
-3317
-2670
-4511
-4940
-1394
-1166
-5019
-7349
-7450
-3244
-7593
6909
-8878
-6673
7956
-2740
-1188
-6670
-8978
7046
-8343
5592
-6543
-5529
-1323
-830
5507
2272
-9823
-1537
-2008
-9194
7655
-3439
-4273
-850
-7697
4234
1866
4424
-2107
6236
5435
-7128
3787
1040
-7827
-4931
7883
790
1129
-8931
2478
2049
2024
47
-3308
-982
7366
9163
-3909
-8901
-3176
-9340
-7068
718
-641
2373
-1036
5620
1693
-1925
-6658
-5675
-6296
5430
5250
-1675
-5763
-5880
-1747
-7329
3641
9367
8335
-7842
-5374
-5295
64
1574
1800
-1637
-5015
1244
-2380
1583
-7576
-3437
1527
-5277
-5336
-8106
8711
-945
-2024
-5882
-8343
3915
-1536
-8251
2639
532
-7474
-8940
-1212
506
15
-4424
-1212
7895
8644
-6656
-815
-4137
2611
4301
-8701
-993
2491
3209
2016
-2193
-625
697
-1810
8042
-3747
5532
-8859
8208
-8018
-3384
-2042
-8181
817
-4069
-1324
-9167
8376
693
-8007
456
2563
-6815
5609
8199
318
9940
-2962
827
-9592
-9578
5250
1009
2069
-1595
6426
4340
147
-8103
-5821
-1267
-47
4198
-9265
-6511
-8607
1311
-7184
-7229
4338
-894
-3417
-4307
107
3375
-6505
2450
2292
-3431
-4962
3567
-9035
-6910
5828
-5741
8382
-7102
-2029
9717
5317
-3863
-5334
1995
-8940
39
-3634
4146
35
-8121
2594
-7946
-2811
-5023
-2379
-6164
-161
-6990
-1789
6244
-9986
-8667
-7944
-8258
8170
-7081
-9778
-902
-1515
793
-1598
-9899
2167
6292
-1626
-7727
-2113
-1583
-5330
-9613
675
-2565
-7666
-5038
3514
-9858
8432
6512
5707
-3691
6999
6049
-3900
2882
-9659
8500
-3058
2268
2313
-6224
-9087
207
-5680
1116
-747
8288
6779
2694
312
-3184
-9676
-9794
1992
-7101
5474
-4446
-8969
-6528
1657
574
1939
-1859
-8264
-3886
5996
1363
5935
-555
-5814
-1383
-2147
-6308
-2966
-2002
-1117
2548
5412
404
466
-4138
-8950
-7479
3498
-8710
-5354
-1691
-4383
-6035
-5243
9808
-7331
1504
-9086
2962
7248
-8768
-7553
133
-9636
1582
6024
-8203
8305
9254
1047
-3010
738
-8893
396
-6724
4662
-8475
-6055
-1213
2616
-1744
218
525
-6221
-3591
-4691
5492
3396
-9986
2527
349
-5305
-7726
-667
6814
-5516
7140
7789
9529
-8531
-8587
-5548
-5721
-3209
-1263
408
-4578
7531
4444
143
-7926
2660
-120
2266
2592
-9917
-3122
6135
-4396
-3213
-9026
-2414
-2235
-9052
656
-2169
-9468
4640
-259
-8735
-885
-4678
-2796
5412
-4304
-9494
-3995
9165
-6752
-3654
9924
853
-4124
1338
167
799
-5625
-2409
-2856
6280
-3271
-8717
6186
-1116
2260
-783
-1661
-2518
-3615
8200
-59
-2546
-7016
-7520
-8566
3857
-4189
-6396
-9591
1300
-20
1323
-3421
5651
-4809
8446
8985
-9426
-3608
1241
-9412
-5141
-5814
-8114
1609
-8805
-1231
-1582
595
-4871
-1793
-6445
-2014
3804
6979
-7034
-9475
-1916
-2072
-8406
-8091
661
6732
-984
-892
9711
5455
-3495
-8572
-2734
-4018
-9393
-1631
9351
9266
-8150
5667
-9792
-2652
-6189
8774
5981
-3135
-4344
1053
2512
-9003
-8555
375
1986
-380
-1754
-5376
313
2500
8921
-20
-4494
1904
-938
2287
-4237
-8863
-9024
2193
-5469
-2474
5457
-9056
-6404
405
-6405
-762
-1926
-9100
-588
477
3926
-7175
-11
-1505
3991
-5568
8351
9604
-4697
8639
-4830
-5019
-3357
-9788
-3783
2213
-4297
-7801
1207
-2925
778
-3971
775
6954
1014
1002
-2158
7194
-7717
-8579
1817
-9942
-1325
-9101
2542
-9826
-3575
-8121
-2275
-2412
-2875
-1149
-689
-6794
1260
3092
-3670
7084
-9593
168
-9669
-8656
-3168
-7725
1367
-7099
-4204
6255
-3201
-4375
-4923
-7260
-4638
524
-4464
-2289
5990
6778
-8321
1277
-9557
-9282
959
-2505
-5242
-2937
-4140
1990
3253
2476
9644
-2673
-2446
6638
5969
6333
4587
-7843
-2269
-536
-7414
830
228
5139
792
1228
-1963
1936
-3672
-5315
2210
2381
2668
9126
3963
-4249
5103
3969
-220
-8446
159
-7411
5164
-5088
1192
-7625
2595
-4060
1575
-2216
-5882
-2016
-2501
-352
-130
5936
-1825
-3247
-6612
-6460
2488
-8115
-6692
9213
-5012
-1195
5281
-4551
5812
2955
-2046
3475
-1521
-3144
-2064
-9019
2497
-8717
1181
-1361
-8269
7007
-9593
-4644
-9828
7765
-1030
8421
-2460
-4156
-3688
-8562
-253
-1386
-5839
-8234
82
-4555
7737
-9228
2521
-9171
-4616
-1827
5137
6101
-7392
1478
-5402
4937
1799
2408
2715
-488
6800
-824
-9518
-4122
-4670
-5384
1004
9708
6919
1368
6319
6716
2957
7072
-8348
9963
3371
1026
-20
4945
2668
-725
6378
-6391
-4186
-5302
-4736
-2847
-8180
9494
8740
-6386
-58
-5078
-887
7997
-418
817
-6593
8177
-7172
-5816
-2175
3048
1781
2595
-1108
-863
-6561
-9367
-1361
8732
-9529
-9790
3938
4065
-3834
-8708
-329
-9405
9746
3648
-490
-4378
-4302
-1272
-7547
-5794
723
-711
6150
3547
-9119
-6901
8998
547
-7215
-7163
-7981
-5026
1179
1905
-1938
-6601
593
4846
-6656
4608
427
-4672
-6830
1239
-5856
-2642
-8712
-9527
9148
-6451
-8466
-7628
2284
-1735
6120
5042
8832
4740
-2494
-7309
-1812
-4493
574
-6358
7980
-8797
-4785
9003
-3406
-8684
-1617
6546
-4357
-2304
218
7303
-3585
-918
-4170
5568
-948
-7010
-3503
-6328
6161
5784
-6002
-1186
9181
2556
128
-958
-8662
-4656
-3178
1004
-4490
-8921
4474
605
-6828
-739
3863
-1892
7009
7172
2679
