10000
9991
9990
9989
9989
9987
9986
9979
9975
9968
9967
9963
9958
9953
9951
9940
9938
9937
9936
9934
9924
9923
9922
9920
9919
9900
9899
9899
9897
9894
9894
9894
9891
9882
9881
9878
9878
9875
9875
9870
9869
9869
9866
9865
9865
9863
9861
9860
9859
9858
9857
9850
9848
9847
9843
9839
9835
9833
9832
9829
9828
9825
9821
9821
9816
9808
9807
9805
9801
9798
9794
9780
9774
9773
9767
9763
9761
9761
9759
9758
9756
9753
9752
9746
9744
9742
9740
9739
9737
9737
9729
9726
9725
9718
9717
9714
9711
9708
9706
9705
9698
9697
9694
9689
9685
9680
9679
9676
9671
9662
9653
9649
9648
9644
9641
9636
9635
9631
9629
9628
9626
9620
9619
9617
9616
9612
9606
9604
9599
9597
9595
9595
9592
9587
9584
9581
9581
9568
9565
9563
9559
9549
9547
9546
9545
9544
9544
9544
9543
9543
9542
9538
9536
9534
9532
9529
9525
9524
9522
9521
9519
9510
9510
9506
9499
9498
9495
9494
9488
9483
9476
9476
9475
9473
9471
9470
9470
9468
9465
9464
9463
9462
9457
9456
9455
9454
9448
9448
9446
9440
9439
9424
9423
9413
9407
9403
9403
9402
9402
9386
9383
9383
9379
9367
9365
9360
9359
9359
9358
9354
9351
9348
9347
9344
9341
9339
9335
9334
9334
9324
9320
9319
9317
9313
9311
9311
9311
9300
9295
9289
9285
9283
9273
9269
9269
9268
9266
9265
9264
9263
9262
9259
9254
9252
9251
9249
9241
9238
9234
9223
9222
9215
9213
9211
9203
9197
9193
9192
9186
9183
9181
9175
9170
9167
9165
9163
9159
9159
9148
9147
9145
9145
9139
9127
9127
9126
9126
9125
9123
9121
9119
9114
9114
9105
9104
9100
9100
9097
9095
9093
9091
9087
9080
9077
9076
9069
9064
9063
9063
9058
9056
9045
9038
9033
9028
9023
9021
9019
9019
9018
9017
9017
9015
9010
9004
9003
9003
8998
8993
8992
8992
8987
8985
8982
8976
8974
8974
8964
8961
8957
8952
8948
8946
8943
8942
8937
8935
8935
8933
8931
8928
8927
8926
8924
8922
8922
8921
8919
8916
8913
8907
8907
8899
8896
8892
8888
8887
8885
8875
8868
8860
8855
8852
8850
8846
8845
8844
8843
8842
8835
8832
8832
8829
8826
8824
8824
8822
8816
8814
8809
8809
8807
8807
8803
8795
8794
8784
8774
8767
8760
8759
8751
8751
8745
8742
8741
8740
8740
8732
8730
8730
8724
8721
8716
8711
8711
8708
8706
8706
8705
8705
8704
8698
8697
8696
8696
8692
8680
8675
8672
8669
8667
8661
8656
8652
8651
8650
8649
8646
8645
8644
8644
8639
8639
8633
8628
8623
8620
8619
8618
8618
8605
8602
8600
8596
8596
8595
8589
8586
8580
8578
8578
8578
8578
8576
8569
8568
8565
8548
8546
8545
8532
8524
8520
8511
8510
8510
8506
8505
8502
8500
8500
8490
8487
8482
8481
8479
8477
8476
8471
8468
8468
8464
8464
8456
8448
8446
8445
8442
8434
8433
8432
8429
8425
8424
8421
8415
8413
8410
8406
8398
8397
8395
8390
8382
8380
8377
8376
8371
8371
8369
8364
8362
8356
8355
8355
8354
8351
8351
8351
8350
8347
8340
8338
8335
8332
8329
8325
8325
8318
8313
8311
8305
8301
8301
8300
8295
8293
8291
8288
8288
8283
8278
8277
8276
8267
8267
8267
8262
8257
8256
8248
8242
8240
8239
8236
8228
8227
8224
8215
8213
8212
8208
8208
8208
8206
8200
8199
8199
8191
8187
8184
8181
8180
8177
8175
8171
8170
8169
8163
8162
8154
8152
8152
8151
8150
8149
8148
8146
8141
8138
8137
8135
8134
8128
8124
8121
8120
8118
8113
8112
8111
8107
8103
8091
8088
8087
8082
8081
8080
8080
8077
8074
8071
8071
8068
8068
8058
8051
8048
8046
8045
8044
8043
8042
8035
8033
8033
8021
8014
8012
8008
8001
7997
7992
7992
7991
7991
7986
7980
7979
7978
7975
7974
7972
7968
7961
7958
7957
7956
7956
7954
7953
7947
7942
7937
7931
7922
7912
7903
7897
7895
7887
7883
7882
7882
7880
7868
7864
7862
7858
7857
7848
7847
7843
7842
7834
7833
7818
7810
7808
7803
7796
7796
7791
7791
7789
7780
7776
7768
7767
7766
7765
7765
7763
7760
7756
7754
7753
7747
7747
7740
7738
7737
7736
7736
7732
7731
7730
7730
7728
7725
7722
7719
7716
7711
7711
7708
7705
7703
7702
7690
7688
7687
7681
7680
7676
7666
7662
7657
7655
7655
7646
7644
7631
7624
7617
7615
7614
7612
7610
7602
7591
7590
7576
7571
7569
7566
7557
7549
7533
7531
7529
7523
7513
7508
7503
7499
7496
7492
7492
7489
7488
7483
7476
7471
7468
7463
7463
7461
7453
7450
7435
7430
7429
7423
7422
7416
7403
7394
7394
7390
7389
7388
7380
7377
7376
7370
7366
7365
7365
7353
7352
7351
7350
7350
7345
7344
7341
7340
7337
7328
7327
7326
7321
7317
7316
7310
7310
7308
7305
7303
7303
7301
7295
7291
7281
7279
7277
7265
7264
7264
7263
7262
7260
7258
7258
7250
7248
7235
7235
7235
7232
7228
7224
7213
7212
7204
7199
7194
7193
7192
7178
7172
7171
7168
7161
7157
7145
7144
7143
7140
7139
7138
7130
7129
7126
7119
7114
7105
7103
7103
7098
7096
7096
7094
7094
7091
7089
7085
7084
7081
7080
7074
7072
7067
7064
7058
7058
7050
7049
7047
7046
7046
7041
7038
7036
7031
7029
7028
7028
7020
7015
7010
7010
7009
7007
7000
6999
6995
6994
6990
6989
6987
6987
6987
6982
6982
6979
6979
6972
6972
6970
6963
6962
6962
6961
6960
6960
6954
6943
6941
6923
6923
6920
6919
6919
6919
6917
6912
6909
6909
6901
6897
6896
6891
6887
6882
6878
6878
6878
6877
6876
6874
6868
6867
6863
6859
6859
6859
6852
6850
6849
6847
6846
6845
6842
6842
6839
6838
6833
6832
6831
6828
6822
6822
6819
6814
6812
6810
6808
6800
6799
6795
6795
6780
6779
6778
6778
6776
6774
6764
6763
6751
6749
6746
6736
6736
6734
6732
6730
6727
6725
6719
6716
6701
6700
6693
6689
6688
6687
6682
6680
6676
6671
6661
6660
6657
6655
6654
6653
6649
6639
6639
6638
6635
6635
6629
6629
6626
6626
6623
6621
6611
6611
6608
6607
6601
6601
6597
6596
6591
6589
6587
6587
6586
6585
6584
6583
6574
6565
6555
6552
6551
6551
6550
6546
6533
6531
6530
6527
6517
6512
6512
6507
6505
6504
6501
6500
6497
6495
6495
6489
6485
6483
6473
6466
6462
6457
6456
6455
6451
6450
6447
6444
6437
6437
6435
6426
6418
6417
6415
6414
6413
6407
6405
6404
6402
6398
6394
6392
6386
6379
6378
6372
6359
6356
6356
6353
6352
6347
6346
6343
6339
6333
6333
6330
6329
6326
6321
6319
6317
6312
6309
6297
6293
6292
6290
6287
6286
6280
6279
6275
6272
6268
6266
6265
6263
6262
6260
6257
6255
6252
6249
6246
6244
6244
6240
6236
6234
6228
6228
6225
6224
6224
6221
6220
6219
6216
6214
6213
6211
6205
6203
6198
6192
6189
6186
6184
6180
6179
6176
6175
6172
6172
6168
6161
6159
6158
6155
6154
6150
6150
6150
6150
6150
6148
6147
6147
6145
6141
6135
6128
6120
6114
6114
6114
6104
6101
6100
6100
6098
6097
6095
6094
6089
6082
6080
6079
6077
6071
6071
6066
6066
6065
6053
6051
6049
6048
6045
6045
6044
6041
6038
6035
6031
6028
6027
6024
6022
6020
6014
6013
5998
5997
5997
5996
5991
5990
5989
5988
5986
5985
5983
5981
5979
5979
5976
5973
5969
5968
5965
5965
5960
5957
5949
5947
5936
5935
5933
5927
5919
5917
5915
5913
5913
5905
5902
5900
5894
5892
5888
5886
5885
5881
5878
5877
5877
5874
5863
5858
5846
5845
5845
5844
5840
5839
5837
5837
5836
5834
5828
5824
5815
5813
5813
5812
5803
5795
5784
5773
5768
5767
5764
5755
5747
5745
5744
5744
5741
5737
5732
5728
5727
5713
5708
5707
5705
5701
5698
5693
5693
5689
5680
5673
5667
5666
5659
5655
5651
5650
5641
5637
5633
5631
5631
5629
5627
5626
5621
5620
5611
5610
5609
5609
5608
5603
5600
5599
5598
5594
5593
5592
5590
5581
5578
5576
5574
5569
5568
5565
5560
5556
5555
5554
5554
5552
5547
5542
5540
5538
5535
5533
5532
5532
5530
5520
5512
5512
5507
5505
5503
5502
5501
5495
5492
5491
5491
5490
5488
5488
5479
5478
5474
5473
5471
5469
5466
5463
5461
5457
5455
5455
5444
5443
5435
5430
5430
5429
5425
5419
5414
5412
5412
5408
5407
5397
5395
5392
5385
5375
5372
5357
5357
5355
5354
5349
5345
5338
5335
5321
5319
5317
5314
5314
5313
5312
5308
5308
5307
5307
5299
5299
5296
5292
5289
5284
5282
5282
5281
5279
5278
5274
5271
5269
5264
5264
5258
5250
5250
5248
5244
5243
5240
5240
5237
5231
5231
5227
5221
5216
5212
5208
5203
5202
5196
5196
5196
5194
5193
5193
5186
5183
5181
5179
5176
5166
5166
5164
5164
5158
5158
5147
5146
5143
5143
5139
5137
5134
5122
5122
5119
5118
5112
5110
5109
5103
5103
5098
5092
5090
5089
5086
5084
5082
5077
5074
5074
5069
5068
5066
5062
5051
5042
5039
5039
5034
5028
5027
5021
5017
5015
5011
5009
5009
5005
4996
4995
4994
4993
4991
4987
4985
4976
4975
4961
4961
4960
4957
4957
4955
4945
4939
4937
4934
4933
4933
4928
4926
4923
4922
4922
4919
4918
4915
4914
4910
4909
4906
4902
4890
4889
4889
4882
4882
4881
4879
4879
4869
4866
4865
4851
4850
4847
4846
4846
4843
4842
4842
4837
4831
4829
4820
4816
4814
4808
4803
4796
4796
4795
4795
4794
4790
4789
4784
4774
4773
4771
4770
4769
4767
4764
4763
4758
4755
4750
4740
4735
4728
4725
4724
4724
4711
4706
4700
4700
4698
4688
4688
4687
4680
4677
4671
4668
4667
4662
4660
4658
4658
4652
4647
4647
4647
4645
4644
4643
4642
4641
4640
4640
4637
4635
4634
4631
4626
4608
4604
4602
4601
4597
4590
4587
4587
4584
4583
4581
4575
4569
4562
4562
4554
4549
4544
4541
4537
4528
4518
4516
4514
4514
4512
4510
4506
4505
4503
4497
4494
4493
4491
4484
4483
4481
4481
4478
4476
4474
4467
4464
4461
4460
4457
4452
4447
4444
4444
4443
4435
4433
4431
4429
4425
4424
4422
4421
4420
4420
4416
4414
4413
4412
4408
4406
4405
4401
4400
4400
4399
4398
4397
4394
4389
4388
4383
4379
4379
4370
4354
4350
4347
4343
4343
4341
4340
4338
4336
4334
4331
4329
4326
4324
4309
4309
4304
4303
4301
4298
4298
4288
4285
4283
4281
4280
4275
4274
4268
4268
4265
4261
4261
4259
4249
4247
4246
4244
4243
4240
4237
4234
4213
4211
4207
4198
4192
4183
4177
4169
4168
4167
4167
4161
4158
4149
4148
4146
4145
4143
4142
4139
4139
4131
4129
4128
4127
4122
4121
4116
4113
4100
4099
4098
4092
4091
4086
4078
4074
4074
4072
4065
4060
4059
4054
4054
4054
4049
4046
4037
4036
4035
4033
4032
4028
4025
4023
4022
4016
4015
4014
4006
3999
3998
3991
3986
3984
3983
3972
3969
3969
3968
3963
3963
3960
3957
3956
3956
3943
3941
3938
3937
3933
3931
3930
3926
3925
3922
3920
3917
3915
3913
3909
3907
3904
3904
3902
3893
3891
3888
3884
3884
3868
3865
3865
3863
3862
3857
3857
3857
3851
3844
3842
3836
3833
3828
3827
3827
3813
3809
3804
3799
3798
3793
3792
3787
3786
3782
3779
3775
3774
3771
3768
3767
3765
3763
3757
3757
3756
3753
3749
3748
3736
3733
3731
3731
3722
3722
3720
3717
3715
3713
3706
3695
3694
3694
3691
3689
3685
3684
3684
3683
3683
3658
3655
3652
3648
3647
3643
3642
3642
3641
3632
3622
3615
3614
3612
3611
3610
3610
3607
3604
3602
3597
3596
3578
3576
3572
3571
3570
3567
3564
3563
3562
3548
3547
3543
3543
3541
3533
3530
3523
3522
3516
3514
3504
3502
3502
3500
3498
3498
3497
3497
3484
3484
3483
3477
3475
3462
3462
3459
3453
3445
3443
3441
3435
3433
3432
3432
3432
3429
3429
3422
3421
3419
3419
3415
3412
3412
3411
3408
3403
3402
3402
3400
3396
3390
3385
3382
3377
3377
3375
3371
3360
3356
3350
3348
3344
3336
3329
3321
3320
3317
3314
3310
3307
3307
3304
3304
3298
3296
3292
3290
3288
3283
3282
3279
3276
3273
3267
3261
3259
3258
3253
3253
3250
3249
3242
3241
3241
3234
3232
3223
3220
3209
3209
3209
3208
3207
3201
3200
3197
3194
3190
3188
3185
3180
3172
3170
3169
3165
3162
3155
3154
3151
3151
3149
3147
3142
3141
3139
3135
3130
3129
3129
3128
3120
3113
3113
3105
3104
3102
3100
3100
3099
3096
3092
3092
3086
3084
3080
3075
3072
3068
3066
3065
3065
3057
3053
3050
3048
3042
3037
3036
3032
3030
3027
3024
3008
3003
3001
2999
2996
2992
2991
2983
2977
2972
2972
2970
2966
2963
2962
2962
2959
2957
2956
2955
2947
2946
2946
2941
2936
2931
2929
2927
2926
2925
2920
2917
2912
2900
2889
2887
2882
2878
2876
2874
2874
2873
2871
2868
2866
2866
2863
2855
2852
2841
2839
2836
2835
2832
2829
2821
2819
2819
2816
2814
2808
2805
2801
2800
2799
2799
2797
2793
2792
2791
2790
2782
2779
2775
2773
2773
2772
2769
2765
2764
2761
2753
2751
2749
2744
2744
2743
2741
2741
2739
2739
2739
2738
2735
2735
2733
2732
2732
2729
2729
2726
2723
2722
2722
2720
2717
2716
2716
2716
2715
2714
2714
2712
2706
2701
2701
2696
2694
2694
2692
2690
2689
2689
2687
2686
2686
2685
2684
2681
2679
2678
2677
2676
2674
2673
2670
2668
2668
2667
2662
2662
2661
2660
2660
2659
2658
2657
2655
2654
2651
2650
2649
2649
2648
2646
2644
2643
2640
2639
2636
2636
2636
2635
2635
2633
2632
2631
2630
2622
2621
2621
2618
2617
2616
2616
2616
2612
2611
2611
2608
2607
2605
2604
2603
2601
2599
2595
2595
2594
2594
2594
2594
2593
2592
2589
2589
2585
2585
2581
2579
2579
2578
2578
2575
2575
2574
2568
2563
2563
2561
2561
2559
2559
2559
2557
2556
2556
2553
2553
2551
2548
2548
2548
2547
2547
2546
2545
2545
2544
2542
2541
2538
2535
2534
2533
2533
2533
2532
2532
2531
2528
2527
2525
2525
2523
2523
2521
2521
2521
2519
2519
2518
2517
2517
2517
2516
2516
2512
2510
2510
2507
2502
2501
2501
2500
2499
2499
2498
2498
2498
2497
2493
2492
2491
2491
2491
2488
2488
2487
2487
2485
2485
2484
2480
2480
2478
2476
2476
2473
2472
2472
2472
2468
2465
2464
2464
2462
2459
2455
2452
2452
2450
2449
2449
2445
2443
2438
2435
2434
2433
2433
2432
2429
2429
2427
2426
2426
2418
2418
2412
2409
2408
2406
2405
2404
2404
2403
2403
2403
2401
2399
2397
2397
2396
2395
2393
2393
2393
2391
2390
2388
2388
2388
2385
2383
2383
2383
2381
2380
2378
2376
2373
2369
2368
2366
2366
2365
2364
2363
2363
2363
2358
2357
2356
2355
2355
2353
2351
2344
2344
2343
2342
2337
2337
2336
2332
2332
2328
2325
2324
2323
2322
2321
2317
2317
2315
2314
2313
2313
2312
2307
2306
2305
2305
2304
2304
2302
2301
2301
2300
2298
2296
2293
2292
2292
2287
2287
2285
2285
2284
2281
2279
2277
2275
2274
2274
2272
2272
2272
2270
2268
2266
2265
2265
2264
2260
2260
2260
2258
2254
2254
2250
2247
2247
2243
2238
2237
2235
2235
2233
2229
2227
2221
2216
2213
2213
2211
2211
2210
2210
2208
2208
2205
2203
2202
2200
2198
2196
2193
2191
2190
2190
2184
2180
2178
2177
2176
2176
2173
2173
2173
2173
2171
2168
2167
2167
2165
2164
2161
2157
2154
2151
2150
2149
2149
2148
2148
2146
2141
2141
2140
2138
2137
2136
2135
2135
2133
2132
2129
2129
2126
2124
2123
2119
2117
2116
2114
2112
2108
2106
2106
2104
2099
2095
2094
2093
2091
2090
2088
2085
2084
2084
2083
2082
2081
2080
2075
2075
2075
2073
2073
2071
2070
2069
2069
2069
2068
2068
2067
2066
2065
2062
2061
2058
2058
2054
2053
2052
2050
2049
2049
2048
2046
2046
2043
2043
2041
2039
2038
2038
2034
2031
2027
2027
2024
2024
2023
2020
2020
2018
2018
2016
2013
2010
2009
2007
2006
2006
2005
2005
1998
1996
1995
1993
1992
1991
1991
1990
1986
1985
1980
1975
1975
1973
1973
1971
1969
1968
1968
1967
1967
1966
1963
1962
1957
1956
1954
1951
1949
1949
1948
1942
1941
1940
1939
1936
1935
1933
1928
1928
1925
1923
1922
1918
1918
1917
1917
1915
1914
1914
1913
1912
1907
1905
1905
1904
1904
1903
1900
1896
1895
1893
1893
1889
1889
1888
1887
1887
1886
1885
1883
1883
1882
1881
1879
1875
1874
1874
1873
1869
1866
1864
1860
1859
1853
1852
1852
1851
1849
1848
1847
1843
1841
1840
1840
1837
1836
1835
1834
1834
1832
1829
1829
1829
1828
1827
1825
1825
1817
1816
1815
1815
1814
1811
1810
1809
1809
1809
1808
1805
1800
1799
1799
1798
1798
1798
1790
1789
1787
1787
1786
1782
1781
1780
1779
1778
1778
1776
1772
1771
1770
1769
1768
1766
1764
1759
1758
1758
1755
1754
1752
1751
1750
1749
1748
1747
1746
1746
1741
1740
1739
1738
1737
1736
1736
1735
1735
1734
1733
1733
1732
1727
1724
1723
1721
1720
1718
1715
1715
1711
1711
1711
1710
1707
1704
1699
1696
1696
1696
1695
1695
1693
1693
1691
1685
1679
1677
1676
1676
1675
1672
1668
1666
1665
1665
1664
1657
1657
1651
1651
1645
1641
1637
1636
1635
1633
1630
1630
1630
1628
1628
1627
1626
1621
1621
1619
1619
1616
1612
1612
1611
1611
1609
1609
1607
1605
1603
1602
1598
1598
1597
1596
1595
1591
1590
1589
1589
1589
1583
1582
1582
1579
1577
1575
1574
1574
1574
1573
1573
1573
1570
1568
1564
1560
1558
1557
1557
1557
1556
1555
1550
1539
1539
1539
1538
1531
1531
1529
1527
1525
1525
1523
1522
1521
1519
1518
1513
1510
1509
1509
1507
1504
1499
1498
1498
1496
1494
1493
1492
1492
1490
1490
1489
1488
1487
1487
1487
1485
1483
1481
1481
1479
1478
1475
1475
1475
1473
1473
1472
1471
1468
1466
1465
1460
1460
1459
1455
1454
1449
1444
1442
1441
1439
1437
1433
1430
1428
1427
1425
1424
1423
1422
1418
1418
1416
1412
1411
1409
1406
1406
1405
1404
1401
1399
1397
1393
1392
1391
1389
1388
1387
1386
1386
1386
1382
1382
1382
1381
1380
1380
1379
1379
1376
1375
1374
1373
1372
1370
1370
1369
1368
1368
1367
1366
1366
1363
1361
1355
1355
1355
1354
1353
1350
1348
1348
1348
1347
1345
1344
1341
1338
1337
1337
1337
1337
1336
1333
1332
1332
1331
1331
1331
1331
1330
1328
1327
1324
1324
1323
1323
1321
1321
1316
1315
1314
1313
1313
1311
1311
1308
1305
1303
1301
1300
1299
1299
1298
1297
1297
1295
1293
1290
1290
1289
1288
1285
1283
1282
1278
1277
1276
1274
1274
1274
1273
1270
1270
1266
1265
1263
1260
1260
1256
1255
1248
1248
1248
1248
1248
1247
1244
1241
1241
1239
1238
1237
1229
1229
1228
1228
1228
1226
1225
1220
1219
1219
1216
1214
1213
1213
1212
1212
1212
1211
1207
1202
1201
1199
1199
1196
1192
1192
1190
1189
1184
1183
1181
1181
1180
1179
1179
1176
1171
1170
1168
1166
1166
1165
1164
1162
1157
1157
1157
1156
1152
1152
1151
1151
1150
1150
1145
1144
1144
1142
1139
1129
1127
1127
1125
1122
1121
1119
1116
1115
1113
1112
1111
1108
1105
1102
1101
1100
1100
1099
1098
1096
1094
1090
1089
1089
1088
1086
1086
1083
1083
1079
1076
1074
1073
1073
1073
1073
1072
1072
1069
1068
1067
1065
1065
1065
1064
1060
1059
1059
1058
1057
1057
1056
1053
1053
1052
1051
1049
1048
1047
1047
1046
1042
1041
1040
1039
1038
1037
1036
1035
1034
1034
1033
1032
1030
1028
1027
1027
1026
1026
1026
1025
1023
1021
1020
1019
1019
1014
1014
1013
1009
1008
1006
1006
1005
1004
1004
1004
1002
1001
1001
999
999
997
995
992
987
980
975
975
975
973
972
971
970
970
969
967
965
964
963
963
962
959
959
959
957
955
953
952
951
950
949
948
947
947
945
944
941
940
935
934
932
930
927
926
925
922
922
919
918
916
915
912
912
911
907
907
906
905
904
904
903
900
900
900
899
894
890
888
884
881
878
877
876
874
873
872
871
869
868
867
866
865
864
858
857
856
855
854
854
853
852
852
850
848
848
840
840
838
836
834
832
830
830
830
827
827
826
825
820
819
817
817
817
813
812
812
811
810
809
805
804
803
799
796
794
793
793
792
792
792
792
791
791
790
789
789
788
787
786
780
778
775
774
773
772
769
766
761
761
760
760
759
759
757
756
754
752
751
746
745
745
745
743
742
738
738
738
737
736
733
732
731
725
725
724
723
722
721
720
720
718
718
716
715
710
708
705
703
701
701
700
697
697
697
694
693
693
693
692
692
691
690
688
687
685
685
682
679
679
677
675
675
674
673
673
672
669
669
666
663
661
661
659
659
657
656
654
654
653
651
649
648
644
643
642
640
637
636
634
632
631
625
622
619
618
613
608
607
607
605
604
604
602
601
600
595
594
594
593
591
590
587
582
581
580
577
574
574
574
572
568
567
566
566
563
563
557
555
555
555
551
549
549
548
547
545
544
543
537
536
535
533
532
529
527
525
524
517
517
516
515
514
510
510
506
506
506
504
502
502
500
499
498
497
493
491
491
491
488
488
487
486
485
484
482
479
478
477
477
471
468
466
463
462
461
460
457
456
454
453
452
450
448
445
444
438
437
435
433
427
426
422
422
421
420
419
414
414
413
412
411
410
408
406
405
405
404
403
403
400
399
396
395
391
390
390
389
384
383
379
379
378
376
375
374
371
371
365
364
363
362
357
357
355
353
352
350
350
350
349
348
345
344
342
341
339
337
334
334
334
329
328
325
324
321
320
318
318
318
315
314
313
312
311
306
305
302
301
299
297
297
296
296
296
293
291
287
286
282
281
280
278
274
272
271
267
266
266
262
257
251
247
245
244
239
239
238
238
238
237
237
236
236
235
234
232
231
228
226
226
225
222
221
218
218
218
217
216
214
213
213
212
212
208
207
206
202
201
200
200
195
195
195
191
191
182
178
168
168
167
167
167
167
165
165
164
163
160
159
159
157
157
156
155
151
147
147
146
143
133
131
128
127
122
119
118
118
117
117
117
116
113
112
107
106
106
104
102
102
98
98
98
96
95
92
92
89
84
82
82
82
77
72
71
70
68
64
62
57
53
52
51
50
50
47
47
43
40
39
35
33
33
30
29
28
27
27
22
20
20
16
15
15
14
13
13
10
9
8
8
6
6
3
1
0
-3
-4
-8
-8
-8
-8
-9
-9
-10
-10
-11
-12
-13
-13
-16
-16
-18
-20
-20
-20
-21
-23
-24
-25
-27
-27
-34
-38
-41
-41
-44
-47
-47
-47
-50
-52
-56
-57
-58
-58
-59
-62
-62
-63
-65
-66
-67
-69
-75
-77
-78
-79
-79
-83
-85
-85
-85
-87
-87
-93
-94
-95
-96
-97
-99
-99
-101
-102
-102
-102
-107
-109
-111
-111
-112
-112
-113
-119
-120
-124
-124
-130
-130
-136
-139
-144
-144
-145
-151
-153
-154
-156
-157
-161
-162
-163
-167
-167
-170
-177
-178
-179
-180
-181
-182
-183
-183
-183
-185
-186
-197
-205
-209
-209
-210
-212
-213
-214
-216
-216
-217
-220
-225
-232
-233
-233
-233
-233
-235
-236
-236
-239
-240
-241
-242
-243
-245
-246
-249
-253
-257
-259
-260
-261
-262
-262
-263
-266
-266
-267
-267
-270
-271
-272
-272
-275
-279
-280
-281
-284
-288
-290
-296
-296
-304
-305
-305
-308
-310
-311
-312
-313
-315
-316
-317
-318
-319
-320
-321
-322
-323
-324
-326
-326
-328
-329
-330
-332
-333
-337
-342
-342
-344
-345
-351
-352
-353
-357
-358
-359
-359
-360
-361
-362
-364
-365
-366
-366
-369
-371
-372
-372
-375
-375
-380
-382
-382
-382
-386
-386
-387
-391
-393
-394
-397
-398
-399
-403
-406
-410
-410
-414
-417
-418
-418
-419
-422
-423
-424
-425
-426
-427
-428
-431
-431
-433
-439
-439
-444
-446
-451
-452
-461
-462
-462
-463
-464
-465
-466
-467
-468
-469
-470
-472
-476
-480
-483
-484
-488
-490
-491
-495
-495
-496
-498
-499
-505
-506
-507
-507
-511
-515
-523
-524
-524
-529
-529
-530
-535
-536
-536
-537
-541
-542
-544
-546
-546
-546
-548
-549
-550
-551
-552
-553
-555
-561
-561
-563
-570
-573
-574
-575
-577
-580
-587
-587
-587
-587
-588
-589
-590
-590
-593
-593
-601
-603
-607
-610
-612
-613
-614
-615
-616
-621
-622
-622
-623
-624
-625
-627
-633
-635
-637
-638
-639
-640
-641
-641
-643
-643
-644
-644
-646
-646
-652
-656
-657
-659
-661
-661
-662
-662
-665
-666
-667
-667
-668
-668
-670
-672
-676
-677
-677
-681
-682
-682
-683
-684
-685
-686
-689
-691
-692
-698
-698
-699
-702
-702
-704
-706
-707
-709
-711
-711
-712
-715
-718
-723
-723
-725
-729
-735
-737
-739
-739
-746
-747
-750
-751
-754
-756
-761
-762
-767
-772
-776
-783
-784
-786
-791
-793
-794
-795
-798
-801
-801
-802
-805
-807
-808
-811
-813
-815
-815
-820
-824
-825
-828
-829
-830
-831
-832
-832
-832
-833
-834
-834
-835
-835
-838
-838
-842
-842
-843
-843
-847
-850
-863
-868
-872
-873
-875
-879
-880
-881
-881
-885
-886
-887
-889
-890
-891
-891
-892
-894
-897
-900
-900
-901
-902
-902
-906
-907
-910
-913
-913
-913
-913
-915
-918
-919
-919
-919
-920
-922
-923
-925
-927
-931
-932
-934
-938
-938
-940
-941
-943
-943
-944
-945
-948
-949
-952
-953
-958
-958
-963
-969
-974
-975
-978
-978
-979
-980
-982
-984
-985
-992
-993
-993
-997
-998
-999
-999
-1000
-1001
-1002
-1006
-1008
-1009
-1018
-1020
-1023
-1024
-1025
-1027
-1027
-1028
-1028
-1029
-1029
-1030
-1032
-1032
-1033
-1036
-1039
-1043
-1043
-1048
-1049
-1051
-1052
-1053
-1058
-1061
-1061
-1062
-1063
-1065
-1065
-1066
-1067
-1068
-1068
-1069
-1069
-1070
-1071
-1071
-1072
-1075
-1076
-1080
-1080
-1081
-1081
-1082
-1084
-1087
-1088
-1089
-1089
-1090
-1092
-1095
-1096
-1096
-1097
-1100
-1101
-1104
-1105
-1106
-1108
-1109
-1110
-1114
-1116
-1117
-1122
-1122
-1124
-1127
-1129
-1138
-1143
-1145
-1147
-1149
-1149
-1150
-1151
-1155
-1156
-1158
-1160
-1164
-1165
-1166
-1167
-1169
-1174
-1175
-1176
-1177
-1178
-1178
-1178
-1180
-1182
-1183
-1183
-1186
-1186
-1188
-1188
-1190
-1193
-1193
-1195
-1196
-1196
-1202
-1206
-1211
-1211
-1211
-1212
-1212
-1213
-1214
-1215
-1215
-1216
-1217
-1219
-1221
-1222
-1222
-1223
-1225
-1228
-1229
-1231
-1232
-1239
-1239
-1240
-1240
-1244
-1244
-1248
-1248
-1248
-1250
-1251
-1255
-1257
-1261
-1263
-1263
-1264
-1264
-1265
-1266
-1266
-1267
-1268
-1272
-1272
-1274
-1275
-1279
-1280
-1281
-1282
-1287
-1287
-1289
-1289
-1289
-1290
-1290
-1291
-1297
-1297
-1297
-1299
-1300
-1301
-1301
-1302
-1305
-1306
-1306
-1312
-1314
-1315
-1315
-1319
-1320
-1320
-1321
-1323
-1324
-1324
-1325
-1326
-1326
-1327
-1328
-1329
-1330
-1331
-1338
-1341
-1342
-1345
-1349
-1353
-1355
-1355
-1359
-1359
-1361
-1361
-1362
-1365
-1366
-1371
-1372
-1375
-1375
-1377
-1377
-1382
-1383
-1383
-1384
-1385
-1386
-1393
-1394
-1395
-1395
-1397
-1397
-1398
-1398
-1402
-1407
-1408
-1410
-1410
-1410
-1416
-1417
-1418
-1418
-1419
-1424
-1427
-1428
-1430
-1432
-1432
-1432
-1435
-1437
-1439
-1441
-1441
-1443
-1443
-1443
-1444
-1448
-1448
-1448
-1451
-1451
-1452
-1454
-1456
-1456
-1457
-1458
-1459
-1459
-1462
-1463
-1464
-1465
-1471
-1472
-1472
-1473
-1473
-1474
-1481
-1483
-1485
-1486
-1489
-1489
-1491
-1491
-1493
-1495
-1500
-1503
-1503
-1503
-1505
-1506
-1508
-1509
-1510
-1510
-1512
-1513
-1514
-1514
-1514
-1515
-1515
-1516
-1518
-1521
-1526
-1530
-1532
-1534
-1536
-1537
-1541
-1541
-1542
-1543
-1548
-1548
-1552
-1554
-1556
-1569
-1569
-1571
-1571
-1572
-1572
-1577
-1578
-1579
-1580
-1582
-1583
-1584
-1584
-1588
-1588
-1590
-1592
-1595
-1595
-1596
-1598
-1598
-1598
-1601
-1604
-1605
-1606
-1606
-1606
-1607
-1607
-1612
-1613
-1616
-1617
-1617
-1621
-1621
-1624
-1626
-1626
-1627
-1627
-1629
-1631
-1636
-1637
-1641
-1643
-1643
-1643
-1643
-1648
-1653
-1653
-1656
-1656
-1657
-1659
-1660
-1661
-1661
-1662
-1662
-1664
-1668
-1669
-1670
-1670
-1672
-1674
-1675
-1678
-1679
-1680
-1680
-1681
-1682
-1682
-1685
-1687
-1689
-1691
-1694
-1694
-1695
-1703
-1703
-1705
-1705
-1705
-1705
-1707
-1707
-1708
-1708
-1710
-1710
-1712
-1715
-1717
-1722
-1722
-1724
-1724
-1726
-1728
-1729
-1731
-1733
-1735
-1736
-1738
-1741
-1742
-1744
-1747
-1752
-1753
-1754
-1754
-1757
-1759
-1759
-1762
-1765
-1766
-1766
-1769
-1771
-1773
-1773
-1775
-1775
-1778
-1779
-1781
-1781
-1786
-1789
-1790
-1790
-1793
-1793
-1797
-1800
-1800
-1801
-1807
-1810
-1812
-1815
-1816
-1820
-1823
-1825
-1825
-1826
-1827
-1832
-1833
-1834
-1838
-1840
-1843
-1843
-1843
-1844
-1845
-1846
-1846
-1847
-1847
-1850
-1851
-1852
-1854
-1856
-1857
-1858
-1859
-1859
-1863
-1864
-1869
-1870
-1871
-1880
-1883
-1886
-1887
-1890
-1892
-1892
-1893
-1894
-1895
-1895
-1895
-1897
-1901
-1903
-1903
-1904
-1904
-1908
-1915
-1916
-1917
-1918
-1920
-1925
-1926
-1927
-1928
-1930
-1933
-1933
-1933
-1935
-1938
-1940
-1941
-1942
-1943
-1945
-1946
-1950
-1951
-1951
-1953
-1955
-1957
-1958
-1959
-1959
-1960
-1961
-1961
-1962
-1963
-1965
-1971
-1973
-1974
-1974
-1974
-1975
-1976
-1976
-1981
-1981
-1984
-1985
-1988
-1989
-1989
-1990
-1994
-1994
-1995
-1995
-1995
-1999
-1999
-2000
-2002
-2005
-2006
-2006
-2006
-2007
-2008
-2008
-2008
-2009
-2011
-2013
-2013
-2014
-2016
-2016
-2016
-2016
-2017
-2018
-2019
-2023
-2024
-2024
-2026
-2029
-2034
-2036
-2040
-2042
-2042
-2044
-2046
-2047
-2049
-2050
-2054
-2054
-2058
-2058
-2060
-2060
-2062
-2062
-2062
-2062
-2064
-2065
-2066
-2066
-2066
-2068
-2070
-2070
-2071
-2072
-2073
-2074
-2074
-2076
-2076
-2077
-2077
-2077
-2080
-2081
-2083
-2084
-2084
-2085
-2085
-2085
-2088
-2090
-2091
-2094
-2102
-2105
-2107
-2107
-2109
-2110
-2112
-2113
-2113
-2113
-2115
-2121
-2125
-2125
-2126
-2129
-2129
-2132
-2134
-2136
-2141
-2142
-2147
-2149
-2150
-2154
-2156
-2156
-2158
-2160
-2161
-2165
-2167
-2169
-2170
-2173
-2175
-2175
-2175
-2177
-2179
-2180
-2184
-2186
-2188
-2188
-2189
-2189
-2189
-2191
-2192
-2193
-2195
-2205
-2205
-2213
-2215
-2216
-2216
-2218
-2219
-2220
-2223
-2225
-2227
-2227
-2230
-2231
-2235
-2235
-2236
-2236
-2237
-2240
-2240
-2240
-2241
-2243
-2244
-2244
-2244
-2245
-2247
-2247
-2248
-2249
-2251
-2254
-2254
-2255
-2259
-2259
-2260
-2261
-2261
-2261
-2262
-2262
-2265
-2266
-2266
-2269
-2272
-2275
-2279
-2279
-2283
-2283
-2284
-2287
-2289
-2290
-2291
-2298
-2298
-2299
-2300
-2302
-2304
-2307
-2307
-2312
-2313
-2315
-2319
-2320
-2321
-2322
-2325
-2325
-2329
-2330
-2331
-2331
-2331
-2331
-2332
-2332
-2336
-2340
-2342
-2343
-2344
-2344
-2348
-2351
-2351
-2351
-2358
-2360
-2360
-2361
-2362
-2364
-2366
-2367
-2367
-2369
-2369
-2370
-2372
-2374
-2376
-2379
-2380
-2381
-2382
-2382
-2382
-2383
-2385
-2387
-2390
-2391
-2394
-2394
-2398
-2400
-2401
-2401
-2403
-2404
-2406
-2408
-2408
-2409
-2409
-2412
-2414
-2414
-2416
-2419
-2420
-2422
-2425
-2427
-2428
-2430
-2432
-2432
-2433
-2439
-2442
-2443
-2443
-2444
-2444
-2444
-2445
-2446
-2448
-2448
-2450
-2455
-2455
-2455
-2457
-2457
-2458
-2460
-2460
-2461
-2462
-2465
-2465
-2466
-2467
-2469
-2469
-2471
-2471
-2471
-2472
-2473
-2474
-2476
-2478
-2480
-2481
-2484
-2484
-2485
-2485
-2487
-2488
-2488
-2488
-2489
-2491
-2492
-2494
-2495
-2496
-2497
-2498
-2499
-2499
-2501
-2502
-2503
-2505
-2505
-2507
-2508
-2513
-2516
-2518
-2524
-2524
-2525
-2530
-2530
-2531
-2532
-2534
-2535
-2537
-2541
-2545
-2546
-2547
-2549
-2549
-2551
-2552
-2553
-2555
-2556
-2556
-2557
-2558
-2561
-2561
-2563
-2563
-2564
-2565
-2566
-2570
-2572
-2574
-2576
-2576
-2578
-2580
-2582
-2587
-2587
-2590
-2590
-2593
-2595
-2597
-2597
-2597
-2599
-2600
-2600
-2600
-2601
-2602
-2602
-2603
-2604
-2608
-2609
-2614
-2615
-2615
-2622
-2624
-2625
-2627
-2629
-2629
-2631
-2633
-2633
-2636
-2636
-2640
-2640
-2640
-2642
-2642
-2645
-2646
-2647
-2649
-2650
-2651
-2651
-2651
-2652
-2653
-2655
-2655
-2659
-2660
-2660
-2661
-2668
-2669
-2669
-2670
-2673
-2675
-2679
-2683
-2683
-2684
-2684
-2684
-2685
-2685
-2688
-2689
-2690
-2691
-2692
-2693
-2695
-2698
-2701
-2702
-2706
-2709
-2711
-2713
-2713
-2713
-2714
-2714
-2717
-2717
-2718
-2720
-2726
-2727
-2727
-2732
-2733
-2734
-2736
-2739
-2739
-2739
-2739
-2740
-2742
-2743
-2749
-2750
-2753
-2756
-2760
-2770
-2775
-2777
-2778
-2779
-2779
-2781
-2785
-2785
-2786
-2788
-2788
-2791
-2791
-2792
-2794
-2795
-2796
-2797
-2798
-2800
-2802
-2802
-2803
-2803
-2804
-2804
-2805
-2805
-2806
-2810
-2811
-2811
-2815
-2816
-2818
-2819
-2819
-2819
-2821
-2822
-2824
-2828
-2828
-2829
-2830
-2835
-2836
-2846
-2847
-2849
-2851
-2851
-2853
-2855
-2856
-2859
-2859
-2859
-2861
-2861
-2862
-2863
-2867
-2871
-2875
-2875
-2876
-2877
-2878
-2879
-2880
-2880
-2880
-2885
-2886
-2889
-2889
-2892
-2895
-2898
-2899
-2899
-2902
-2903
-2908
-2911
-2912
-2912
-2914
-2915
-2920
-2920
-2925
-2927
-2933
-2935
-2937
-2938
-2939
-2940
-2940
-2944
-2947
-2949
-2950
-2952
-2953
-2954
-2955
-2957
-2959
-2960
-2962
-2964
-2964
-2965
-2966
-2966
-2967
-2967
-2970
-2973
-2973
-2974
-2976
-2976
-2980
-2981
-2985
-2985
-2991
-2991
-2992
-2995
-2996
-2998
-2999
-3002
-3005
-3006
-3007
-3007
-3010
-3010
-3011
-3011
-3015
-3016
-3018
-3018
-3019
-3020
-3020
-3021
-3022
-3022
-3022
-3024
-3027
-3027
-3027
-3029
-3029
-3030
-3033
-3033
-3035
-3036
-3038
-3040
-3040
-3044
-3045
-3047
-3053
-3055
-3056
-3057
-3058
-3061
-3062
-3064
-3065
-3066
-3067
-3072
-3080
-3081
-3083
-3084
-3086
-3089
-3091
-3092
-3096
-3098
-3100
-3100
-3102
-3103
-3107
-3107
-3111
-3113
-3118
-3118
-3122
-3124
-3126
-3128
-3131
-3135
-3138
-3144
-3145
-3145
-3146
-3147
-3148
-3152
-3158
-3158
-3159
-3160
-3160
-3162
-3167
-3168
-3168
-3172
-3173
-3174
-3176
-3178
-3179
-3182
-3182
-3184
-3189
-3189
-3189
-3191
-3195
-3196
-3201
-3203
-3206
-3208
-3209
-3211
-3212
-3213
-3215
-3216
-3220
-3221
-3222
-3223
-3225
-3226
-3227
-3229
-3230
-3230
-3231
-3231
-3234
-3235
-3237
-3237
-3239
-3244
-3247
-3247
-3248
-3249
-3249
-3251
-3252
-3252
-3253
-3254
-3254
-3254
-3255
-3255
-3256
-3259
-3263
-3264
-3267
-3269
-3270
-3271
-3282
-3283
-3284
-3284
-3286
-3287
-3287
-3288
-3291
-3291
-3293
-3293
-3294
-3295
-3296
-3297
-3297
-3298
-3299
-3303
-3303
-3307
-3308
-3310
-3317
-3317
-3319
-3319
-3320
-3320
-3326
-3326
-3329
-3330
-3331
-3333
-3333
-3335
-3337
-3338
-3338
-3338
-3339
-3339
-3340
-3342
-3343
-3345
-3349
-3350
-3351
-3354
-3357
-3359
-3359
-3362
-3363
-3365
-3366
-3366
-3368
-3370
-3372
-3373
-3376
-3377
-3378
-3378
-3379
-3380
-3381
-3381
-3381
-3381
-3381
-3382
-3384
-3385
-3387
-3389
-3390
-3393
-3395
-3398
-3398
-3399
-3400
-3401
-3403
-3403
-3405
-3405
-3406
-3406
-3407
-3407
-3408
-3408
-3408
-3409
-3410
-3413
-3415
-3417
-3417
-3418
-3418
-3421
-3422
-3423
-3423
-3426
-3426
-3427
-3427
-3431
-3431
-3433
-3437
-3437
-3439
-3441
-3442
-3442
-3443
-3444
-3446
-3449
-3450
-3452
-3452
-3456
-3464
-3465
-3470
-3470
-3472
-3472
-3473
-3473
-3474
-3476
-3477
-3477
-3480
-3480
-3482
-3487
-3488
-3488
-3490
-3491
-3491
-3492
-3493
-3493
-3493
-3495
-3496
-3496
-3498
-3502
-3502
-3502
-3503
-3505
-3506
-3511
-3513
-3515
-3515
-3518
-3518
-3518
-3521
-3521
-3521
-3525
-3528
-3535
-3535
-3540
-3542
-3546
-3547
-3548
-3556
-3557
-3559
-3568
-3569
-3571
-3572
-3575
-3576
-3577
-3578
-3579
-3581
-3582
-3583
-3584
-3584
-3585
-3587
-3590
-3591
-3592
-3601
-3602
-3603
-3604
-3606
-3607
-3607
-3608
-3614
-3614
-3614
-3615
-3618
-3620
-3625
-3626
-3627
-3629
-3634
-3636
-3636
-3637
-3637
-3639
-3644
-3647
-3649
-3650
-3653
-3654
-3654
-3656
-3656
-3656
-3657
-3658
-3658
-3660
-3661
-3663
-3664
-3665
-3665
-3668
-3670
-3671
-3672
-3673
-3674
-3678
-3679
-3680
-3683
-3686
-3687
-3688
-3689
-3689
-3690
-3691
-3692
-3692
-3693
-3695
-3697
-3697
-3703
-3704
-3707
-3707
-3711
-3712
-3712
-3713
-3714
-3715
-3716
-3717
-3718
-3723
-3726
-3726
-3727
-3729
-3731
-3739
-3740
-3741
-3744
-3747
-3747
-3747
-3747
-3750
-3751
-3754
-3756
-3765
-3765
-3766
-3771
-3772
-3773
-3773
-3773
-3779
-3780
-3782
-3783
-3784
-3789
-3790
-3793
-3794
-3799
-3799
-3800
-3801
-3802
-3802
-3803
-3807
-3807
-3814
-3815
-3816
-3816
-3820
-3821
-3823
-3824
-3825
-3825
-3825
-3827
-3831
-3831
-3832
-3832
-3834
-3834
-3836
-3838
-3838
-3841
-3841
-3842
-3843
-3845
-3850
-3851
-3852
-3854
-3858
-3859
-3860
-3861
-3862
-3863
-3863
-3864
-3865
-3866
-3868
-3870
-3871
-3876
-3877
-3879
-3882
-3884
-3885
-3886
-3888
-3888
-3889
-3890
-3891
-3891
-3895
-3896
-3897
-3900
-3900
-3902
-3906
-3908
-3909
-3909
-3910
-3912
-3914
-3917
-3922
-3925
-3927
-3929
-3930
-3930
-3931
-3932
-3933
-3934
-3934
-3935
-3938
-3939
-3942
-3942
-3948
-3949
-3951
-3956
-3957
-3957
-3958
-3962
-3964
-3965
-3967
-3968
-3969
-3971
-3976
-3976
-3977
-3978
-3983
-3985
-3986
-3989
-3990
-3994
-3995
-3997
-3998
-4002
-4003
-4003
-4007
-4007
-4010
-4011
-4012
-4013
-4014
-4014
-4015
-4015
-4015
-4018
-4019
-4020
-4021
-4026
-4027
-4028
-4032
-4032
-4034
-4038
-4039
-4039
-4043
-4045
-4046
-4048
-4050
-4051
-4053
-4057
-4059
-4059
-4060
-4061
-4063
-4064
-4065
-4067
-4068
-4069
-4069
-4071
-4073
-4073
-4073
-4074
-4077
-4078
-4079
-4079
-4080
-4084
-4085
-4088
-4088
-4088
-4091
-4094
-4097
-4097
-4098
-4101
-4101
-4101
-4105
-4108
-4108
-4109
-4109
-4109
-4109
-4109
-4113
-4114
-4114
-4115
-4115
-4115
-4116
-4119
-4119
-4122
-4122
-4124
-4124
-4125
-4126
-4129
-4133
-4133
-4136
-4137
-4137
-4137
-4138
-4138
-4139
-4140
-4142
-4143
-4144
-4146
-4147
-4148
-4148
-4148
-4149
-4150
-4151
-4154
-4155
-4156
-4156
-4156
-4157
-4157
-4159
-4160
-4160
-4161
-4162
-4163
-4164
-4165
-4165
-4165
-4166
-4167
-4168
-4169
-4170
-4172
-4174
-4175
-4176
-4179
-4185
-4186
-4189
-4189
-4189
-4191
-4196
-4197
-4202
-4203
-4203
-4204
-4204
-4205
-4207
-4209
-4211
-4211
-4212
-4215
-4217
-4218
-4220
-4221
-4228
-4230
-4234
-4234
-4236
-4237
-4237
-4238
-4239
-4240
-4242
-4245
-4246
-4246
-4248
-4249
-4250
-4250
-4254
-4255
-4259
-4263
-4263
-4263
-4265
-4267
-4269
-4270
-4270
-4271
-4271
-4272
-4272
-4273
-4276
-4278
-4278
-4280
-4284
-4285
-4286
-4287
-4289
-4292
-4292
-4297
-4298
-4298
-4299
-4302
-4304
-4305
-4305
-4306
-4307
-4309
-4309
-4309
-4311
-4311
-4312
-4316
-4316
-4317
-4319
-4319
-4322
-4323
-4326
-4330
-4330
-4334
-4335
-4336
-4337
-4338
-4338
-4340
-4344
-4345
-4348
-4350
-4350
-4351
-4352
-4352
-4354
-4355
-4355
-4355
-4356
-4357
-4358
-4358
-4361
-4362
-4370
-4370
-4371
-4373
-4375
-4375
-4377
-4378
-4379
-4383
-4387
-4387
-4388
-4389
-4390
-4391
-4394
-4396
-4396
-4397
-4402
-4403
-4407
-4407
-4408
-4411
-4411
-4411
-4412
-4413
-4414
-4414
-4415
-4415
-4420
-4422
-4424
-4428
-4429
-4431
-4432
-4433
-4437
-4439
-4439
-4439
-4441
-4446
-4446
-4447
-4452
-4452
-4456
-4457
-4458
-4461
-4463
-4464
-4464
-4465
-4470
-4472
-4474
-4476
-4476
-4478
-4482
-4482
-4485
-4486
-4486
-4487
-4488
-4490
-4492
-4492
-4493
-4494
-4495
-4495
-4496
-4499
-4501
-4502
-4506
-4509
-4511
-4511
-4512
-4513
-4513
-4514
-4515
-4522
-4522
-4523
-4524
-4525
-4527
-4529
-4529
-4534
-4537
-4539
-4540
-4543
-4544
-4544
-4544
-4547
-4547
-4548
-4548
-4549
-4551
-4551
-4553
-4555
-4555
-4559
-4559
-4559
-4560
-4562
-4563
-4566
-4566
-4567
-4567
-4568
-4568
-4569
-4569
-4569
-4571
-4572
-4572
-4574
-4574
-4577
-4577
-4578
-4580
-4580
-4587
-4592
-4594
-4596
-4598
-4599
-4600
-4606
-4607
-4608
-4608
-4609
-4610
-4610
-4611
-4613
-4613
-4614
-4616
-4617
-4617
-4618
-4623
-4624
-4631
-4633
-4638
-4638
-4644
-4647
-4649
-4650
-4652
-4655
-4656
-4656
-4656
-4657
-4662
-4663
-4667
-4668
-4669
-4669
-4670
-4672
-4673
-4677
-4678
-4678
-4679
-4684
-4684
-4685
-4687
-4688
-4690
-4690
-4691
-4692
-4694
-4695
-4695
-4695
-4696
-4697
-4697
-4697
-4700
-4701
-4704
-4704
-4707
-4709
-4710
-4714
-4718
-4718
-4721
-4722
-4722
-4724
-4727
-4727
-4733
-4736
-4737
-4737
-4741
-4743
-4744
-4745
-4746
-4750
-4754
-4756
-4756
-4758
-4759
-4759
-4759
-4760
-4760
-4761
-4761
-4762
-4763
-4766
-4772
-4774
-4776
-4782
-4782
-4783
-4785
-4785
-4789
-4791
-4793
-4793
-4793
-4794
-4796
-4798
-4801
-4802
-4802
-4804
-4805
-4806
-4808
-4809
-4811
-4815
-4816
-4819
-4819
-4825
-4826
-4828
-4830
-4833
-4837
-4839
-4840
-4843
-4843
-4844
-4844
-4845
-4846
-4849
-4855
-4856
-4856
-4858
-4862
-4863
-4867
-4867
-4869
-4869
-4869
-4871
-4872
-4873
-4874
-4876
-4876
-4879
-4881
-4882
-4882
-4883
-4884
-4884
-4887
-4889
-4892
-4892
-4902
-4903
-4904
-4905
-4905
-4906
-4910
-4913
-4913
-4913
-4915
-4920
-4921
-4921
-4922
-4923
-4927
-4928
-4929
-4931
-4931
-4933
-4934
-4936
-4936
-4936
-4940
-4940
-4943
-4944
-4944
-4951
-4951
-4956
-4956
-4956
-4959
-4961
-4962
-4962
-4965
-4965
-4966
-4966
-4967
-4967
-4968
-4969
-4975
-4977
-4977
-4978
-4981
-4982
-4986
-4995
-4995
-4995
-4996
-4996
-4997
-4999
-5004
-5004
-5005
-5009
-5012
-5015
-5015
-5019
-5019
-5019
-5019
-5019
-5020
-5020
-5021
-5023
-5024
-5026
-5026
-5029
-5029
-5031
-5032
-5035
-5036
-5037
-5038
-5038
-5038
-5038
-5042
-5043
-5051
-5051
-5056
-5057
-5058
-5059
-5059
-5060
-5061
-5063
-5065
-5067
-5069
-5074
-5075
-5075
-5077
-5078
-5081
-5081
-5082
-5082
-5084
-5084
-5086
-5087
-5087
-5088
-5092
-5094
-5096
-5098
-5098
-5100
-5101
-5103
-5105
-5107
-5107
-5115
-5124
-5131
-5132
-5133
-5133
-5136
-5137
-5140
-5141
-5141
-5144
-5145
-5145
-5145
-5146
-5147
-5149
-5152
-5157
-5158
-5166
-5168
-5168
-5168
-5170
-5171
-5171
-5171
-5172
-5172
-5173
-5174
-5174
-5175
-5176
-5180
-5181
-5183
-5185
-5185
-5186
-5187
-5189
-5190
-5191
-5192
-5193
-5196
-5198
-5198
-5198
-5199
-5202
-5203
-5204
-5206
-5207
-5208
-5208
-5217
-5219
-5219
-5224
-5225
-5225
-5228
-5228
-5230
-5232
-5236
-5238
-5239
-5240
-5241
-5242
-5242
-5242
-5243
-5246
-5249
-5250
-5253
-5254
-5256
-5257
-5257
-5258
-5258
-5259
-5261
-5262
-5263
-5264
-5265
-5265
-5269
-5270
-5271
-5273
-5274
-5275
-5275
-5276
-5276
-5277
-5278
-5281
-5283
-5284
-5288
-5288
-5295
-5297
-5298
-5298
-5300
-5302
-5303
-5304
-5305
-5305
-5306
-5310
-5313
-5313
-5315
-5318
-5318
-5319
-5321
-5322
-5325
-5326
-5330
-5330
-5331
-5331
-5334
-5336
-5337
-5343
-5343
-5344
-5344
-5345
-5346
-5348
-5351
-5353
-5354
-5354
-5354
-5355
-5356
-5359
-5361
-5361
-5362
-5362
-5364
-5365
-5370
-5370
-5370
-5371
-5371
-5374
-5375
-5375
-5376
-5376
-5381
-5384
-5386
-5389
-5390
-5391
-5392
-5393
-5394
-5395
-5396
-5398
-5399
-5399
-5399
-5402
-5402
-5403
-5405
-5406
-5407
-5412
-5412
-5416
-5416
-5420
-5422
-5423
-5432
-5433
-5433
-5434
-5436
-5439
-5440
-5441
-5442
-5445
-5448
-5449
-5449
-5453
-5454
-5459
-5460
-5462
-5463
-5468
-5469
-5469
-5472
-5478
-5481
-5481
-5485
-5489
-5492
-5495
-5499
-5502
-5506
-5508
-5510
-5511
-5514
-5514
-5515
-5516
-5521
-5522
-5524
-5525
-5526
-5529
-5529
-5529
-5530
-5533
-5536
-5536
-5538
-5539
-5539
-5540
-5540
-5541
-5541
-5546
-5548
-5550
-5552
-5552
-5555
-5557
-5559
-5568
-5568
-5573
-5574
-5574
-5578
-5579
-5579
-5580
-5581
-5585
-5585
-5586
-5587
-5588
-5589
-5590
-5590
-5593
-5593
-5594
-5594
-5597
-5598
-5598
-5601
-5601
-5602
-5606
-5606
-5608
-5609
-5616
-5624
-5625
-5625
-5626
-5628
-5631
-5631
-5633
-5634
-5635
-5635
-5635
-5636
-5637
-5637
-5638
-5638
-5641
-5642
-5644
-5644
-5648
-5649
-5649
-5652
-5654
-5656
-5657
-5658
-5661
-5663
-5665
-5667
-5671
-5675
-5675
-5675
-5676
-5676
-5678
-5680
-5680
-5682
-5683
-5684
-5686
-5687
-5688
-5688
-5689
-5689
-5690
-5690
-5691
-5692
-5694
-5695
-5696
-5699
-5703
-5703
-5710
-5710
-5710
-5711
-5712
-5712
-5714
-5720
-5721
-5723
-5724
-5724
-5727
-5727
-5730
-5732
-5736
-5738
-5739
-5741
-5741
-5742
-5749
-5749
-5753
-5753
-5754
-5759
-5760
-5763
-5763
-5763
-5763
-5765
-5769
-5771
-5773
-5777
-5779
-5781
-5782
-5784
-5786
-5786
-5787
-5789
-5792
-5794
-5795
-5796
-5796
-5798
-5798
-5798
-5800
-5807
-5808
-5808
-5808
-5811
-5813
-5814
-5814
-5815
-5816
-5816
-5816
-5818
-5819
-5820
-5821
-5821
-5827
-5830
-5835
-5839
-5842
-5844
-5844
-5848
-5853
-5855
-5855
-5856
-5857
-5859
-5861
-5861
-5862
-5866
-5868
-5868
-5869
-5869
-5870
-5873
-5875
-5875
-5877
-5878
-5879
-5880
-5881
-5882
-5882
-5882
-5885
-5885
-5887
-5892
-5894
-5897
-5898
-5898
-5899
-5899
-5905
-5908
-5908
-5910
-5911
-5912
-5912
-5912
-5914
-5914
-5916
-5918
-5919
-5919
-5921
-5924
-5929
-5930
-5930
-5931
-5932
-5935
-5936
-5937
-5941
-5941
-5942
-5942
-5945
-5945
-5946
-5956
-5958
-5960
-5960
-5961
-5962
-5963
-5965
-5965
-5969
-5973
-5973
-5974
-5974
-5980
-5986
-5986
-5993
-5994
-5996
-5996
-5998
-6002
-6005
-6006
-6006
-6006
-6011
-6011
-6011
-6012
-6013
-6014
-6014
-6017
-6017
-6019
-6020
-6020
-6021
-6021
-6022
-6023
-6024
-6028
-6029
-6030
-6030
-6034
-6035
-6036
-6037
-6037
-6043
-6046
-6046
-6047
-6048
-6049
-6052
-6052
-6055
-6056
-6056
-6058
-6059
-6060
-6061
-6063
-6066
-6067
-6067
-6069
-6069
-6072
-6072
-6075
-6079
-6082
-6082
-6083
-6084
-6086
-6092
-6094
-6095
-6096
-6098
-6104
-6108
-6110
-6111
-6112
-6115
-6120
-6125
-6128
-6129
-6130
-6133
-6133
-6136
-6136
-6137
-6138
-6139
-6141
-6142
-6142
-6147
-6148
-6158
-6159
-6159
-6164
-6164
-6164
-6165
-6165
-6166
-6172
-6176
-6183
-6188
-6189
-6190
-6190
-6191
-6194
-6194
-6197
-6198
-6200
-6201
-6203
-6205
-6205
-6206
-6206
-6212
-6212
-6213
-6217
-6220
-6221
-6224
-6224
-6228
-6232
-6232
-6236
-6239
-6241
-6243
-6243
-6246
-6247
-6252
-6253
-6255
-6255
-6255
-6258
-6260
-6263
-6264
-6265
-6267
-6267
-6268
-6268
-6270
-6271
-6273
-6274
-6275
-6276
-6277
-6277
-6285
-6288
-6295
-6296
-6298
-6299
-6300
-6300
-6300
-6304
-6304
-6305
-6307
-6308
-6308
-6309
-6310
-6312
-6314
-6317
-6318
-6319
-6321
-6321
-6321
-6321
-6325
-6326
-6328
-6328
-6328
-6329
-6329
-6329
-6331
-6333
-6334
-6334
-6338
-6342
-6342
-6345
-6345
-6348
-6349
-6349
-6353
-6353
-6354
-6358
-6358
-6361
-6361
-6362
-6362
-6363
-6363
-6366
-6374
-6377
-6377
-6383
-6386
-6390
-6391
-6392
-6393
-6396
-6396
-6396
-6397
-6400
-6403
-6404
-6405
-6411
-6413
-6413
-6415
-6416
-6419
-6421
-6421
-6422
-6434
-6438
-6440
-6442
-6442
-6445
-6446
-6447
-6451
-6456
-6460
-6460
-6461
-6461
-6462
-6464
-6466
-6467
-6468
-6471
-6471
-6472
-6474
-6477
-6479
-6483
-6484
-6486
-6493
-6494
-6497
-6504
-6505
-6508
-6511
-6515
-6518
-6522
-6523
-6525
-6526
-6526
-6526
-6528
-6528
-6531
-6532
-6534
-6537
-6537
-6540
-6540
-6542
-6543
-6543
-6546
-6546
-6547
-6554
-6555
-6558
-6559
-6560
-6561
-6564
-6565
-6565
-6566
-6566
-6566
-6569
-6572
-6572
-6575
-6575
-6577
-6579
-6580
-6581
-6581
-6582
-6583
-6588
-6588
-6588
-6593
-6601
-6603
-6603
-6603
-6604
-6609
-6610
-6610
-6612
-6614
-6615
-6616
-6616
-6616
-6618
-6619
-6620
-6620
-6623
-6624
-6628
-6628
-6630
-6631
-6632
-6632
-6635
-6636
-6639
-6640
-6641
-6642
-6643
-6646
-6647
-6648
-6649
-6649
-6652
-6656
-6656
-6656
-6658
-6661
-6663
-6664
-6666
-6667
-6667
-6668
-6669
-6670
-6672
-6673
-6673
-6673
-6683
-6687
-6688
-6690
-6692
-6697
-6699
-6700
-6701
-6705
-6705
-6707
-6708
-6709
-6712
-6713
-6716
-6718
-6718
-6718
-6720
-6721
-6721
-6724
-6726
-6727
-6727
-6730
-6730
-6730
-6732
-6732
-6732
-6739
-6739
-6741
-6743
-6744
-6745
-6747
-6749
-6749
-6750
-6750
-6751
-6751
-6751
-6752
-6753
-6756
-6758
-6759
-6761
-6762
-6765
-6766
-6773
-6774
-6778
-6779
-6782
-6782
-6783
-6784
-6784
-6785
-6785
-6790
-6793
-6794
-6796
-6798
-6799
-6801
-6801
-6802
-6805
-6805
-6806
-6806
-6809
-6810
-6811
-6813
-6815
-6815
-6820
-6822
-6826
-6827
-6828
-6830
-6832
-6836
-6837
-6838
-6842
-6842
-6842
-6843
-6844
-6845
-6848
-6853
-6855
-6855
-6856
-6859
-6867
-6867
-6868
-6868
-6869
-6873
-6876
-6876
-6878
-6879
-6880
-6886
-6890
-6890
-6891
-6893
-6893
-6893
-6894
-6894
-6895
-6896
-6897
-6899
-6901
-6901
-6903
-6906
-6910
-6910
-6911
-6913
-6915
-6916
-6921
-6922
-6923
-6925
-6925
-6926
-6926
-6927
-6928
-6928
-6929
-6930
-6930
-6936
-6939
-6940
-6943
-6947
-6954
-6955
-6962
-6963
-6965
-6967
-6970
-6970
-6971
-6972
-6975
-6986
-6988
-6990
-6990
-6991
-6993
-6993
-6994
-6994
-6994
-6994
-6997
-6999
-6999
-7005
-7006
-7007
-7008
-7010
-7010
-7012
-7013
-7016
-7017
-7020
-7023
-7023
-7025
-7025
-7026
-7027
-7027
-7029
-7029
-7032
-7034
-7038
-7039
-7042
-7042
-7048
-7048
-7051
-7051
-7053
-7054
-7055
-7055
-7056
-7058
-7060
-7061
-7065
-7067
-7068
-7072
-7074
-7075
-7076
-7078
-7078
-7078
-7078
-7079
-7081
-7081
-7084
-7084
-7092
-7092
-7092
-7095
-7098
-7099
-7100
-7101
-7102
-7106
-7106
-7107
-7110
-7110
-7110
-7111
-7112
-7112
-7114
-7117
-7118
-7121
-7122
-7123
-7127
-7128
-7129
-7130
-7134
-7135
-7136
-7139
-7146
-7146
-7147
-7148
-7149
-7149
-7149
-7150
-7152
-7154
-7155
-7155
-7157
-7160
-7163
-7164
-7166
-7168
-7168
-7169
-7169
-7169
-7171
-7172
-7173
-7174
-7175
-7178
-7179
-7181
-7182
-7183
-7184
-7184
-7189
-7196
-7197
-7197
-7200
-7202
-7203
-7206
-7207
-7207
-7208
-7209
-7213
-7213
-7213
-7215
-7216
-7217
-7220
-7220
-7224
-7224
-7229
-7229
-7230
-7231
-7232
-7240
-7242
-7243
-7243
-7245
-7245
-7248
-7248
-7250
-7256
-7256
-7257
-7260
-7260
-7261
-7265
-7266
-7267
-7268
-7269
-7271
-7271
-7272
-7274
-7276
-7277
-7279
-7283
-7284
-7285
-7285
-7286
-7290
-7291
-7291
-7291
-7294
-7295
-7296
-7298
-7303
-7309
-7309
-7310
-7315
-7319
-7319
-7320
-7322
-7326
-7329
-7329
-7331
-7333
-7333
-7336
-7337
-7340
-7348
-7349
-7349
-7349
-7349
-7351
-7354
-7354
-7360
-7360
-7361
-7364
-7370
-7371
-7373
-7373
-7375
-7377
-7377
-7380
-7381
-7384
-7385
-7389
-7392
-7392
-7394
-7394
-7400
-7401
-7401
-7403
-7404
-7407
-7408
-7411
-7411
-7411
-7414
-7415
-7417
-7420
-7422
-7423
-7423
-7424
-7426
-7426
-7427
-7427
-7429
-7429
-7431
-7431
-7432
-7432
-7434
-7434
-7436
-7436
-7440
-7441
-7442
-7448
-7450
-7450
-7450
-7455
-7456
-7459
-7460
-7461
-7461
-7467
-7467
-7468
-7468
-7470
-7470
-7471
-7471
-7472
-7473
-7473
-7474
-7476
-7476
-7477
-7477
-7479
-7479
-7480
-7481
-7486
-7488
-7488
-7489
-7496
-7497
-7499
-7500
-7504
-7508
-7510
-7514
-7515
-7515
-7516
-7516
-7517
-7519
-7519
-7520
-7520
-7528
-7528
-7529
-7529
-7530
-7530
-7530
-7532
-7533
-7535
-7536
-7544
-7545
-7546
-7547
-7547
-7548
-7548
-7549
-7551
-7552
-7553
-7554
-7560
-7560
-7561
-7561
-7566
-7569
-7569
-7570
-7571
-7573
-7574
-7575
-7576
-7577
-7577
-7579
-7579
-7579
-7580
-7582
-7583
-7584
-7584
-7585
-7588
-7590
-7593
-7594
-7595
-7596
-7598
-7598
-7599
-7603
-7605
-7607
-7608
-7609
-7609
-7613
-7615
-7617
-7618
-7618
-7619
-7620
-7620
-7621
-7623
-7625
-7626
-7628
-7629
-7629
-7629
-7640
-7641
-7641
-7641
-7641
-7642
-7643
-7643
-7645
-7648
-7650
-7652
-7656
-7658
-7666
-7666
-7667
-7673
-7675
-7680
-7683
-7683
-7685
-7686
-7689
-7690
-7691
-7693
-7694
-7695
-7696
-7697
-7698
-7700
-7702
-7702
-7702
-7703
-7703
-7707
-7707
-7707
-7708
-7708
-7714
-7715
-7717
-7718
-7720
-7723
-7723
-7725
-7725
-7726
-7726
-7727
-7728
-7729
-7731
-7732
-7734
-7736
-7737
-7738
-7738
-7739
-7740
-7740
-7741
-7746
-7748
-7748
-7750
-7754
-7755
-7756
-7756
-7757
-7759
-7760
-7762
-7765
-7765
-7766
-7769
-7769
-7774
-7774
-7775
-7776
-7777
-7779
-7780
-7780
-7783
-7783
-7783
-7793
-7796
-7798
-7798
-7799
-7801
-7801
-7801
-7802
-7803
-7805
-7805
-7805
-7805
-7807
-7807
-7813
-7815
-7817
-7818
-7818
-7826
-7827
-7828
-7835
-7836
-7836
-7839
-7839
-7841
-7842
-7842
-7843
-7844
-7845
-7848
-7848
-7849
-7850
-7851
-7851
-7852
-7853
-7853
-7853
-7854
-7856
-7856
-7858
-7858
-7859
-7861
-7861
-7862
-7865
-7866
-7867
-7867
-7868
-7872
-7878
-7883
-7887
-7889
-7890
-7891
-7892
-7897
-7900
-7900
-7902
-7902
-7907
-7913
-7914
-7915
-7915
-7916
-7917
-7918
-7920
-7921
-7922
-7923
-7925
-7926
-7926
-7928
-7931
-7931
-7932
-7933
-7936
-7937
-7937
-7937
-7939
-7940
-7942
-7944
-7944
-7945
-7945
-7946
-7946
-7946
-7946
-7949
-7955
-7959
-7961
-7962
-7963
-7965
-7966
-7969
-7972
-7975
-7978
-7978
-7981
-7981
-7982
-7983
-7984
-7985
-7987
-7991
-7995
-8000
-8000
-8001
-8002
-8003
-8006
-8007
-8012
-8015
-8018
-8018
-8018
-8018
-8020
-8022
-8026
-8028
-8028
-8031
-8032
-8033
-8035
-8036
-8037
-8039
-8044
-8045
-8049
-8049
-8050
-8051
-8051
-8052
-8053
-8053
-8057
-8057
-8058
-8074
-8074
-8074
-8076
-8076
-8081
-8084
-8087
-8089
-8089
-8089
-8090
-8090
-8091
-8092
-8094
-8096
-8101
-8102
-8103
-8103
-8103
-8103
-8103
-8105
-8105
-8106
-8110
-8112
-8113
-8113
-8114
-8115
-8118
-8121
-8121
-8121
-8121
-8121
-8125
-8126
-8128
-8132
-8138
-8141
-8142
-8144
-8145
-8147
-8148
-8150
-8151
-8153
-8156
-8160
-8161
-8162
-8162
-8164
-8164
-8164
-8166
-8169
-8169
-8171
-8171
-8173
-8175
-8176
-8177
-8179
-8180
-8181
-8181
-8183
-8183
-8185
-8187
-8189
-8191
-8193
-8193
-8193
-8194
-8194
-8196
-8197
-8197
-8199
-8201
-8201
-8203
-8204
-8206
-8213
-8217
-8219
-8219
-8220
-8222
-8224
-8232
-8232
-8234
-8235
-8235
-8236
-8237
-8240
-8241
-8244
-8244
-8247
-8248
-8249
-8249
-8251
-8252
-8255
-8255
-8256
-8257
-8258
-8259
-8261
-8264
-8265
-8267
-8267
-8269
-8271
-8272
-8274
-8277
-8278
-8278
-8279
-8281
-8283
-8286
-8287
-8289
-8295
-8296
-8296
-8296
-8300
-8300
-8302
-8303
-8303
-8304
-8305
-8306
-8306
-8310
-8311
-8313
-8313
-8315
-8317
-8318
-8321
-8321
-8321
-8323
-8323
-8323
-8323
-8327
-8327
-8327
-8328
-8329
-8331
-8332
-8334
-8334
-8336
-8336
-8336
-8337
-8337
-8338
-8340
-8343
-8343
-8346
-8347
-8348
-8348
-8349
-8353
-8354
-8357
-8358
-8367
-8369
-8369
-8370
-8370
-8370
-8371
-8376
-8377
-8378
-8379
-8380
-8385
-8397
-8399
-8399
-8399
-8400
-8402
-8403
-8406
-8406
-8406
-8406
-8407
-8408
-8408
-8410
-8410
-8411
-8411
-8415
-8420
-8424
-8425
-8426
-8428
-8430
-8431
-8433
-8435
-8444
-8446
-8447
-8447
-8450
-8451
-8451
-8452
-8452
-8455
-8458
-8458
-8458
-8460
-8464
-8465
-8465
-8466
-8469
-8470
-8472
-8475
-8475
-8477
-8481
-8482
-8484
-8484
-8485
-8485
-8488
-8488
-8494
-8495
-8496
-8497
-8498
-8499
-8500
-8502
-8502
-8504
-8508
-8513
-8513
-8513
-8514
-8514
-8517
-8517
-8518
-8520
-8523
-8526
-8527
-8529
-8530
-8531
-8535
-8543
-8543
-8544
-8551
-8552
-8553
-8555
-8555
-8558
-8561
-8562
-8564
-8565
-8565
-8566
-8572
-8573
-8576
-8577
-8577
-8579
-8583
-8585
-8585
-8585
-8586
-8587
-8587
-8588
-8588
-8588
-8590
-8590
-8592
-8592
-8594
-8595
-8596
-8596
-8598
-8598
-8600
-8601
-8604
-8607
-8609
-8612
-8613
-8614
-8616
-8617
-8621
-8621
-8622
-8623
-8625
-8625
-8625
-8626
-8627
-8628
-8629
-8630
-8631
-8634
-8636
-8640
-8640
-8642
-8643
-8646
-8647
-8648
-8648
-8649
-8650
-8650
-8651
-8656
-8658
-8659
-8660
-8660
-8662
-8662
-8664
-8664
-8665
-8667
-8667
-8668
-8669
-8672
-8673
-8676
-8683
-8684
-8686
-8688
-8689
-8690
-8690
-8691
-8693
-8701
-8703
-8707
-8708
-8708
-8709
-8709
-8709
-8710
-8712
-8717
-8717
-8718
-8719
-8720
-8723
-8726
-8727
-8728
-8731
-8731
-8735
-8735
-8739
-8740
-8742
-8744
-8745
-8749
-8749
-8751
-8752
-8755
-8756
-8757
-8758
-8762
-8764
-8766
-8766
-8768
-8769
-8770
-8770
-8771
-8773
-8774
-8775
-8775
-8776
-8777
-8782
-8783
-8789
-8791
-8794
-8794
-8794
-8797
-8801
-8801
-8802
-8803
-8803
-8805
-8807
-8811
-8812
-8812
-8813
-8814
-8816
-8818
-8821
-8821
-8822
-8824
-8825
-8826
-8828
-8834
-8836
-8837
-8837
-8838
-8839
-8839
-8846
-8846
-8847
-8848
-8849
-8850
-8851
-8852
-8854
-8859
-8860
-8861
-8863
-8863
-8864
-8865
-8867
-8868
-8869
-8870
-8873
-8873
-8874
-8878
-8878
-8884
-8884
-8885
-8886
-8886
-8889
-8893
-8894
-8895
-8896
-8899
-8900
-8901
-8902
-8903
-8903
-8905
-8905
-8907
-8910
-8915
-8915
-8915
-8920
-8921
-8922
-8923
-8924
-8924
-8925
-8929
-8929
-8931
-8931
-8933
-8933
-8938
-8939
-8940
-8940
-8940
-8941
-8941
-8941
-8942
-8942
-8942
-8947
-8947
-8947
-8949
-8950
-8951
-8953
-8954
-8954
-8958
-8959
-8960
-8961
-8963
-8969
-8973
-8974
-8975
-8977
-8978
-8984
-8984
-8985
-8985
-8989
-8990
-8994
-8996
-8996
-8998
-9000
-9002
-9003
-9005
-9006
-9014
-9015
-9017
-9019
-9019
-9019
-9023
-9023
-9023
-9024
-9025
-9025
-9026
-9026
-9026
-9028
-9032
-9033
-9034
-9035
-9036
-9037
-9038
-9041
-9042
-9046
-9049
-9049
-9052
-9052
-9055
-9056
-9061
-9061
-9063
-9067
-9068
-9068
-9070
-9071
-9072
-9073
-9076
-9079
-9081
-9081
-9081
-9082
-9083
-9084
-9085
-9086
-9087
-9089
-9092
-9096
-9097
-9100
-9101
-9101
-9102
-9102
-9103
-9104
-9104
-9105
-9105
-9106
-9109
-9110
-9115
-9117
-9119
-9122
-9124
-9125
-9128
-9130
-9132
-9133
-9138
-9143
-9146
-9147
-9150
-9150
-9153
-9157
-9159
-9159
-9160
-9162
-9164
-9166
-9167
-9168
-9171
-9173
-9174
-9174
-9177
-9179
-9182
-9183
-9183
-9187
-9188
-9189
-9191
-9194
-9195
-9195
-9196
-9197
-9199
-9200
-9200
-9202
-9202
-9205
-9206
-9207
-9209
-9210
-9212
-9215
-9216
-9219
-9220
-9221
-9224
-9225
-9225
-9226
-9228
-9228
-9228
-9229
-9229
-9230
-9231
-9232
-9234
-9242
-9243
-9244
-9244
-9246
-9248
-9250
-9250
-9252
-9252
-9253
-9256
-9257
-9257
-9258
-9258
-9260
-9260
-9262
-9265
-9267
-9272
-9272
-9277
-9279
-9281
-9282
-9282
-9284
-9286
-9286
-9290
-9290
-9293
-9295
-9295
-9295
-9298
-9298
-9304
-9305
-9306
-9308
-9310
-9311
-9313
-9316
-9318
-9320
-9321
-9323
-9324
-9324
-9324
-9326
-9327
-9327
-9329
-9330
-9330
-9340
-9341
-9342
-9343
-9346
-9349
-9351
-9352
-9354
-9354
-9355
-9356
-9356
-9360
-9362
-9363
-9365
-9365
-9365
-9365
-9366
-9367
-9369
-9371
-9373
-9377
-9379
-9383
-9388
-9389
-9391
-9391
-9393
-9404
-9404
-9405
-9406
-9412
-9415
-9419
-9422
-9424
-9426
-9426
-9427
-9428
-9428
-9433
-9434
-9437
-9438
-9438
-9439
-9446
-9449
-9452
-9457
-9460
-9461
-9461
-9462
-9464
-9465
-9466
-9468
-9468
-9469
-9469
-9471
-9472
-9472
-9475
-9476
-9476
-9479
-9482
-9484
-9485
-9488
-9490
-9491
-9493
-9494
-9494
-9495
-9497
-9499
-9501
-9503
-9506
-9507
-9507
-9509
-9510
-9513
-9514
-9515
-9515
-9516
-9518
-9518
-9519
-9527
-9529
-9529
-9529
-9535
-9537
-9538
-9539
-9542
-9544
-9544
-9545
-9545
-9548
-9549
-9551
-9551
-9552
-9552
-9555
-9555
-9556
-9557
-9557
-9559
-9560
-9565
-9569
-9570
-9570
-9571
-9572
-9576
-9578
-9579
-9580
-9584
-9591
-9592
-9592
-9592
-9593
-9593
-9595
-9597
-9598
-9600
-9602
-9602
-9605
-9606
-9607
-9608
-9608
-9609
-9611
-9613
-9613
-9618
-9618
-9621
-9621
-9621
-9622
-9628
-9628
-9630
-9631
-9633
-9636
-9637
-9638
-9642
-9642
-9643
-9644
-9645
-9645
-9646
-9647
-9649
-9651
-9652
-9653
-9654
-9657
-9657
-9658
-9659
-9659
-9661
-9663
-9664
-9666
-9667
-9667
-9669
-9669
-9669
-9672
-9675
-9675
-9676
-9676
-9678
-9682
-9682
-9685
-9689
-9689
-9691
-9692
-9693
-9694
-9694
-9695
-9695
-9697
-9699
-9699
-9700
-9702
-9705
-9709
-9711
-9718
-9720
-9720
-9721
-9722
-9723
-9723
-9727
-9730
-9730
-9731
-9735
-9736
-9740
-9741
-9741
-9743
-9743
-9744
-9745
-9745
-9748
-9751
-9751
-9752
-9754
-9757
-9760
-9760
-9762
-9764
-9766
-9768
-9770
-9773
-9777
-9778
-9781
-9784
-9784
-9785
-9785
-9786
-9786
-9788
-9789
-9790
-9791
-9792
-9794
-9794
-9794
-9795
-9796
-9796
-9796
-9796
-9798
-9800
-9800
-9800
-9807
-9807
-9809
-9814
-9814
-9815
-9818
-9819
-9820
-9820
-9823
-9823
-9824
-9826
-9827
-9828
-9828
-9828
-9829
-9829
-9830
-9831
-9833
-9833
-9834
-9835
-9838
-9839
-9839
-9840
-9840
-9842
-9844
-9846
-9850
-9850
-9854
-9855
-9856
-9858
-9862
-9864
-9866
-9868
-9869
-9871
-9872
-9874
-9875
-9875
-9876
-9877
-9878
-9879
-9881
-9881
-9883
-9883
-9886
-9887
-9889
-9890
-9891
-9892
-9894
-9894
-9894
-9898
-9899
-9899
-9902
-9904
-9907
-9908
-9908
-9909
-9909
-9915
-9916
-9917
-9919
-9920
-9921
-9922
-9922
-9924
-9925
-9926
-9927
-9932
-9934
-9934
-9935
-9935
-9939
-9940
-9942
-9943
-9943
-9946
-9948
-9950
-9954
-9954
-9956
-9959
-9960
-9963
-9964
-9967
-9968
-9973
-9976
-9977
-9977
-9980
-9984
-9986
-9986
-9986
-9987
-9987
-9987
-9989
-9990
-9991
-9992
-9997
-9998
-9999
-10000
