10000
8550
-8331
-8737
-3386
9432
2489
610
-6419
-3056
-6231
-6146
4820
1676
-3067
9096
-2101
-4016
3529
-8879
3753
5407
860
-4131
8057
8847
393
-8588
1078
7998
-7889
-1422
2259
-9536
6679
-1660
3198
8317
7076
-5388
-1531
-6437
-7983
-2109
-8645
-4331
-5067
-4199
6069
7734
3369
-998
-3497
8994
45
-8966
-7115
-1232
-4472
-3470
-1932
-8768
4399
-7022
-9424
1452
-1304
-9351
7012
3960
-114
-7708
7718
3694
-8359
5252
5554
9934
4471
9138
-7257
-1857
-8067
1063
5655
-4083
-4572
-8249
2459
1743
2828
2238
-3066
-2104
934
8910
9340
-626
-6608
-2329
-6656
-4082
-9566
9465
-5163
-6700
-886
-9755
-9023
-1860
-7276
-8069
1037
533
-2547
6336
6770
9387
-7194
-5651
-2315
1110
2174
6017
-6573
-5543
8796
-8371
-3492
-6990
-3975
758
794
-8948
-4729
-9798
-8035
-4142
494
6291
2800
-5974
-6092
-902
-3478
-2560
511
1261
1486
-1791
1183
-9354
-5300
-5048
-8666
2753
-8922
221
-8969
-5352
-262
5886
9738
-1331
8508
118
-5851
-7629
-766
2997
-7509
-3022
-8793
-3072
-7330
2747
3402
614
1280
4153
-779
-3209
-3404
-2681
-667
-493
5963
-791
-506
1789
-7805
-7498
-9156
-2023
2794
7573
1708
8405
-6140
392
9873
-6144
-3061
-2228
-304
-8220
700
-159
1107
-1743
-3886
-3736
-4530
-5928
-8946
-4533
8809
-1478
1302
-7681
1593
4128
5574
753
-1428
-1523
8578
-4491
6161
6800
-2838
-4124
5102
4030
-4747
1545
-2160
-3650
-7114
-2696
-6772
7784
-4575
-9277
6275
-4343
-1932
-8952
-2719
-568
-2289
3661
839
-2194
5959
8751
8595
-6976
-7175
-6539
8181
-8208
-9981
-1940
-9695
-7210
-7729
-8656
-4240
-4295
3921
8615
7520
-4173
276
-1933
985
-3852
-114
5511
1364
-1116
-6562
-7784
8476
-6545
-3123
1336
-3722
9244
6394
-1248
7391
-65
-9037
-9397
-4970
-5840
6885
9323
-8647
-6725
-1066
8277
-5804
-1767
-8685
-6529
2264
6815
-5273
8559
1833
2742
-916
8843
-5412
7307
-2171
9909
-6082
-1561
-1975
4410
-3273
6146
1732
-5210
-8719
-1389
1403
7807
1363
-9141
-8208
-949
-5133
7300
-7386
-3248
7788
-6541
-4924
3689
-9141
-6682
3134
-5429
2576
-4343
-4654
1357
-9261
1131
-3952
2572
-3097
-7358
7263
-3671
-4773
297
4956
3766
-2459
-7981
-3836
-2512
6370
-8229
-4940
5135
6841
7482
-5074
-4580
1376
-5092
-6337
2307
-1919
403
-8066
9129
126
-7410
6680
-4450
243
-7226
-7702
5784
-36
-4646
-9906
-8426
3255
-3015
-3845
1164
4171
-4858
7430
-6750
-3513
5880
4237
2064
-7825
8256
9397
-4871
-1642
-3728
6066
2160
-7609
-998
1255
-2470
8551
-5576
-9683
-3557
-4483
-5333
-3813
-2517
-3120
-5016
-9861
-9623
6197
4588
-9149
-6864
-5663
-1513
1704
-8113
-8253
-9447
-4119
757
8440
-9174
-9517
-4054
-6924
-4233
-3771
103
-4759
3841
-1998
2622
1605
-5496
-6743
-9319
-2660
-8092
-7537
-9715
-5464
-3498
-8427
-4061
-8690
-4800
295
-9218
-1727
977
2083
-8449
-563
2756
-564
1473
-882
-6965
7644
5036
-5727
-7132
-6463
5190
2109
-8586
3681
-534
-4834
952
-1025
8768
-6261
3726
6499
2980
-2829
-8485
-3820
1831
-5901
2385
-3446
4513
-2528
-246
-9628
-9252
-1153
4639
2195
-6799
151
654
2143
507
-9398
5631
2186
9543
-9630
8139
-208
1963
6986
-6152
-653
-7015
-8837
1293
-201
1907
-8735
-7619
200
6817
278
-6588
7778
-4894
1356
859
-1071
8415
691
-2524
-522
-1274
4825
-6168
1389
-3212
109
-7675
-4531
-7435
-7320
5377
-1039
2089
4143
-7071
3094
-5560
-1262
5023
-2654
-2488
601
-4615
-658
8603
8832
-6041
2015
-6403
-8514
8144
-4530
-8979
-7793
1917
-974
-3810
-1752
-9266
-6403
4295
626
-8437
-2399
-7233
7508
5950
-6024
-8883
9647
-1952
6372
5821
-2737
-4304
-5742
6320
-8545
5419
740
1844
6976
8601
1550
-3173
9875
-2236
-7583
-1559
-9731
654
-2264
-3639
3083
9347
1582
3202
-6797
7180
9098
-882
-419
3942
9075
-7160
-3134
-1102
3222
-2872
-9196
400
3978
-1875
2143
-5147
-415
-3400
-6417
5700
9539
7808
2194
-7796
5717
-5470
-3523
-2355
-4897
-3784
-6282
1811
-626
4943
-4472
-1125
6840
-2926
-7910
7913
-1570
-9076
-1849
-1189
4024
-9651
-251
-4256
4011
-2647
7083
6503
-9284
4264
-6642
8339
-1427
-7173
1395
-938
-6980
-6259
386
2332
-1072
-9415
-5834
998
-1062
1668
-3841
-8743
-4714
-1373
8928
-8521
-7244
-1699
8634
-7055
-297
1592
-7252
-9836
1401
-341
-9125
-2391
-8392
-934
-6353
-9055
9772
-6587
-448
-7635
1686
-938
-5361
4910
4227
-61
8375
-2484
3463
-585
1028
3981
-5590
6407
-9052
-739
5803
-7156
2655
1426
-609
3249
7937
-5836
1628
3787
7679
7097
-7849
-8023
3641
-4401
-758
-53
1948
-5572
-7783
-2919
3052
8108
-5868
6253
-9024
-1662
-3362
-3504
-3378
-3505
-2576
1197
-1432
-9590
375
8929
-1721
-545
-4123
9618
392
4996
4840
-3647
5620
8555
-9774
-7228
9092
9818
-2460
-4306
-6653
-9954
1673
367
-3945
5790
1147
-4958
-5572
-4115
3949
6693
-816
7526
-7607
-4764
1716
531
1400
1913
5617
-3125
-2365
-7433
-8232
582
2008
1925
462
-6676
1646
-4216
201
-4053
7501
-3227
-6123
-5974
295
5926
-4614
-2334
-9269
1466
-5408
6859
1373
-9118
307
2804
8447
-7417
1348
-1353
5459
9586
8913
-6132
-9310
1752
-2619
-9122
-3362
-3533
-2142
-1510
-3769
-8491
-4417
-49
-1204
-9567
-5107
-1262
-8141
-6860
-2656
-8287
-7174
9218
490
-1011
1536
9030
-4727
-4561
-4419
1016
-2813
-3805
-6119
-6845
-9137
-4076
-261
-7437
-6120
-9579
-481
-3893
5408
-3084
-7985
1726
-2176
-2231
8460
3132
9686
1843
-9846
-4533
3713
164
-6078
-7557
-7994
7131
396
-7660
-9961
947
-2077
-7470
8853
7290
526
-9231
-3629
-4380
-544
1420
-4420
-6975
2139
3138
-6568
-8211
-7908
1113
-7508
-1018
-5356
-7735
4736
-8061
-5167
-2191
-6907
-8253
-2585
-787
-5771
1571
-7635
-4407
-3780
-8683
-6305
9655
-486
5262
-7601
-6209
-3041
62
-3528
2647
-6786
-3803
8590
5013
-5368
1315
7167
5185
-8369
-3407
-5005
-4403
-2995
-5169
9270
-5304
-8474
-8420
-678
-6447
2001
3566
-937
-2037
5268
8890
1748
590
-4369
-974
5740
101
-5251
-6311
-7479
-7915
-9163
-3758
-6286
6139
-6985
-9067
-593
-9926
-857
5607
3713
-9039
2546
-4377
-8653
5877
-2312
-9490
-5669
1846
8907
-3888
-4200
-9791
1843
-5400
-5281
5524
1688
-204
-7277
2308
-8936
-5156
5402
-2784
-9185
4602
-3730
-707
-8167
2514
-6386
-9648
1214
5644
2498
-1415
-1061
6139
4022
-673
-986
9372
2661
4833
-2762
-8252
-8391
6347
-7302
-4357
8473
2216
9437
-4281
-8775
-2089
271
5605
8055
-8735
-2898
442
-8567
5386
-3530
-8048
-4435
-1275
-1664
-4643
-3922
-1395
-8050
-3295
-833
-5101
-1314
818
-8572
1874
5290
-4807
6078
6601
-3001
1148
-228
-7640
4401
2015
-6797
-8373
1131
-3738
-6953
-5079
-3904
-7841
-5153
-3931
-1840
-7712
5261
6988
-4310
-8247
-9105
4641
-5548
-328
-153
1585
-8016
-9231
586
-8721
-5503
-2909
-9721
-3427
5066
7504
-8342
-9561
-199
3296
-6080
-6477
-4346
-4994
-1093
-7522
-7915
-1434
-3015
-5279
-6782
-4548
-609
-6222
8030
2620
2123
-5934
-3084
9233
-9750
-6909
-399
4262
1573
2267
-8093
-4192
-7899
2617
386
-3157
1869
2100
9549
-3466
3982
5304
-3755
1212
1785
-3308
8063
-5660
-6763
1358
1541
-5110
-5835
-9157
-6304
-4196
5890
9903
1377
-7415
-2403
-5267
-4890
-969
-2518
-6965
-1846
3124
2599
-2736
-5570
-1616
-1124
156
-3529
1993
-2983
-7571
2599
-6682
-8549
-3617
-5965
-5241
4239
-4682
-6920
1309
-4007
598
-8648
-4330
182
-5031
3704
9341
-6046
5892
-5763
-4128
-5835
1970
-1439
-4974
-9935
9202
-2779
4658
-9313
-6665
-5788
-2646
-7145
7180
-7444
-6883
-7040
1064
-4697
-3366
-9445
-2142
-2016
-3657
-9253
-4152
1730
-8262
1941
876
-7774
-264
-1955
-5122
-2018
6533
-3407
97
5416
-3359
1457
6518
-866
-1286
-526
-9669
-2755
-6094
6067
-6470
-555
-7266
-628
-2914
-578
-7824
-5872
-5118
-691
-3178
-2166
-1300
-1826
1349
-2998
993
-3489
-6959
7943
7057
-2332
1824
-3493
5427
1372
-6435
-5165
-3785
-3766
6448
7181
2807
-7638
4462
-2857
5774
-7557
-1107
1983
-7475
-129
-4742
-7703
-6132
-8770
3791
-2782
1023
2344
286
-4904
-213
1988
-1164
4738
-6313
-1754
-1862
-1563
-9307
1819
7582
-7722
1922
-7476
1202
-1630
-5861
9057
-269
-8913
-4429
1859
8845
-803
1908
4070
-7877
-2769
2018
390
-5930
-2224
-5450
-3920
2757
9103
-7670
388
-4037
-3188
6192
-2309
-2172
2455
-9754
7878
5173
-6473
-6576
5429
1611
8874
989
-4673
-6091
-565
-6164
-4770
627
695
1203
-7300
-8675
2738
-9668
-5425
-418
-9560
7027
-1025
1703
-7535
-9379
-9999
-311
-8840
-9908
-2020
9724
-5412
-5808
-5343
669
9590
-4080
-1893
-7617
9884
-7239
-7055
1729
3620
5976
-9194
-3714
-5589
-1789
-5431
-4412
-5287
-4677
-1506
-2680
3871
5687
7363
-7882
2497
1178
-2598
-4497
2266
-3034
-469
2257
-1861
-6153
1342
-2674
-3850
-1015
-4860
905
-7333
2841
-9383
-1218
-2976
-8014
-985
735
232
-2295
3979
-4094
-3462
-5884
4250
-9484
7387
2328
-7675
-4007
-6759
8827
7006
942
-988
-3273
-8812
-9202
-7419
4894
3907
9015
1319
8478
-2480
-4054
-1988
6485
-1136
-4102
-4038
6534
6539
-2145
-819
-7572
-9634
-7734
170
2543
-8825
-4193
4001
-2123
959
-5026
117
90
-9056
4291
558
-1629
-8975
4432
-6289
-8560
1279
1573
-8158
-9679
-3540
-4998
-2308
-1190
5063
9159
2015
-135
-424
-8800
2011
-4538
1223
1323
1464
-6756
-5032
-2648
-9350
2408
622
-8937
-8102
-4447
-2024
1980
-903
3223
1139
-1542
3422
5902
3843
-2648
-907
1708
-8249
-4125
9528
-5008
2672
-9634
-8045
-7866
-2482
2819
1291
5081
-464
4758
1526
-5975
-8157
2739
5457
-8099
-7902
165
-6448
-5575
719
529
4695
-1644
-2786
-2996
-8278
-5724
4884
-4808
9407
4636
7374
2029
-5828
1014
1187
-2127
-1060
-8205
2094
-4148
-586
995
-3223
-8994
3290
-1631
-5741
-525
-3429
-6943
-1345
7312
3573
-7861
-4765
4464
-507
5740
-2251
-1166
-9155
3874
-8904
2132
-9285
-3104
1136
2426
7544
-7180
1470
-1484
-7298
-9824
8135
5921
1727
6933
-1577
2380
7235
4534
-345
5632
9471
-5570
-4803
-7785
-1330
-2808
2482
-3114
-2695
1581
950
-5863
-9542
-4183
5113
6955
34
-5855
4484
-8458
-8934
-3096
-826
-2398
5830
-9409
1013
-4967
2509
-8322
3444
680
541
-8271
2386
-3570
3405
-5626
-1004
-7730
-4547
7651
9908
-344
-7070
-5380
-4119
5832
-216
-2748
-3415
1243
367
-4381
1995
1771
9400
3370
915
35
-8284
9188
1354
4947
-9094
-1203
714
2492
201
-1272
-6720
738
6223
236
-1066
7815
-9991
-1378
-4954
729
9965
-2588
5686
4843
-6716
-1831
-9053
-5790
-5028
-6916
2875
-5263
2062
1934
-7503
2055
-5510
-6883
-3444
-2234
-6549
-7494
-893
3640
6520
-8719
-6843
-1347
-1303
-7751
-773
-1080
4187
5387
-8910
-5685
7621
6577
-8014
9072
-644
3039
-364
-7063
340
-6107
-3468
-4310
-4344
-2971
7684
6071
7132
-798
3554
2392
-5248
-6246
-5366
6964
-6121
4566
-8882
508
-9670
-8738
7333
-1914
-937
1971
-1150
7805
-4675
3096
-4665
-7881
-8770
-2481
6426
9608
-6967
-4403
-5674
7670
-4127
8648
-219
4012
-9169
1645
2348
-8783
-2737
-5190
6728
-1571
-2222
615
7575
1027
8419
-4344
5819
-9775
-8373
-8624
3802
-8255
-2702
6072
1224
5927
1224
2145
-6357
-7957
-6107
8086
1491
8347
3405
-8330
-7790
-895
-6027
-370
2607
-8782
-8119
46
7441
-2774
-3919
-3658
-6749
-3787
-3189
-5743
3031
-6737
-4835
1283
-5014
-403
-3668
9318
-278
-9346
-6706
2161
-2600
8077
-2911
-1832
-2937
296
1490
2013
8621
-2523
6732
-2821
-519
2754
-6903
-8152
-5181
4016
2629
-2559
709
1801
-9599
-8772
614
-7129
-4035
-7516
-1954
-8586
-1465
-7070
600
1481
-9228
-97
6674
910
4113
-6582
-4824
1405
-9315
6197
410
-8170
2866
-7067
-796
-822
-3197
-3416
1453
-8298
2634
6923
-1212
-8103
-6300
6340
-3442
5918
-8044
-5677
-805
-5861
-7922
-5039
505
-9252
2327
-8352
-6772
34
8073
4005
-3366
-8277
1141
2229
1166
5610
-5909
-6096
6806
-6240
-3392
-8748
3502
-9878
-9851
8301
-7103
507
1022
-2324
1835
-4474
-2633
2455
-5052
-5636
-3796
4681
-7427
3230
4725
-5935
-8511
617
1562
-7459
1543
7290
5224
-1826
-4761
-6482
488
-2717
-5176
1063
-3636
2343
8863
-2026
15
4498
-9519
2419
-8265
-3014
-2209
5523
-1830
-2105
-9213
-780
-4791
-4667
5240
379
-9879
-4214
8953
-6208
2430
-4642
2155
200
9261
9950
7838
9364
-2336
7933
-9585
-9674
-6130
-4594
-1295
-1107
-5452
-7521
-7954
1673
-1465
-4215
-6775
-9232
-4401
6085
-4922
7623
-9303
-416
-7444
-5241
6678
-3725
-121
-7755
3029
-1170
-3531
6970
8106
-8909
-6788
-6745
-1822
-6040
-3210
5690
-4390
-1648
4891
-3286
-35
-1454
-3147
-8230
-9300
7323
7891
8180
-476
5131
358
-9037
7674
-5527
-2330
4545
-215
-3559
2422
-8575
3248
-1134
-4629
9964
9813
-9941
6633
-1920
-2706
5044
7661
-7943
-4223
5483
-6353
-3816
1292
-6162
1959
-8436
-2049
2093
-4623
-2289
-3376
-2714
7246
-6033
2640
1643
715
-1360
7386
-6204
871
1808
1836
2075
-9329
4172
-360
4020
1388
-7201
-6657
-6692
1663
-9196
-4813
-5785
-1973
2037
-315
-6283
-525
-4093
706
-6927
-1049
6601
1525
9000
-327
6290
-6448
4974
1685
-2344
-5870
-5279
-2576
-9567
-3037
534
-3201
7719
-3780
3376
-499
8021
-9364
5294
-6235
-5223
-3683
-8282
-3240
-2412
-5867
-1546
-1640
-7786
2556
-7815
8171
-4052
3518
-3013
1183
-2704
-2770
-9882
-2345
-3830
-2156
-4667
-3983
343
-5216
7211
-6461
-6942
-1539
-7830
-1760
-290
-8209
6921
-4285
-3443
1557
-8934
9676
2561
-1328
2280
1157
2022
-6683
976
-7573
2494
1256
562
971
750
-5933
-4280
-9143
-9354
-2700
8215
-5467
-8794
-5617
-734
-4254
-9554
707
-5209
-161
-2251
-5337
7878
-7672
-6928
695
538
8595
-6550
2196
-3657
-7357
-2999
6984
-2547
-9710
9141
-8312
-2746
-4403
588
-2849
7195
2718
-1115
-6070
962
-5262
-4657
4480
8200
5940
6166
-6126
-4193
-2857
-534
-8198
-5445
-709
-9695
-3570
-9256
8751
-4517
-5228
7902
1845
-859
-34
-3481
-4090
-9724
7308
2367
4407
-183
8599
-1809
-4933
908
2415
-2572
-8632
-7596
2819
-4429
-2594
-9928
-6943
399
2597
-1745
-7266
-1606
4598
-5412
-9897
5358
-5892
1386
-4806
-8876
1630
100
-8608
-8946
-8010
-2212
-8613
-1551
4578
-6072
-1064
-9840
-7675
-7336
-7843
-5563
-9434
-6493
-2125
480
8409
-9730
393
8999
961
-7054
-3656
-6556
-2830
-661
2404
-298
-2182
1363
-1852
-948
-1598
483
-8735
-815
9745
-655
3587
-6806
7251
-2322
1290
-4834
-1767
2066
4794
7381
-65
-7849
-6406
-1180
-4458
-7130
-3553
-6808
-5575
-5170
-2938
-5327
-6301
-5412
-4097
-1503
-2876
-9881
4240
4407
6736
9611
-1737
9029
-6568
2074
5586
-5690
-2757
4493
-2533
-1674
928
833
6329
-389
-4258
-1345
-3213
-9725
-8481
9756
-27
-8814
2658
-4956
-9126
6169
2181
47
-3249
-8087
1412
8095
2750
6506
1470
7780
1916
3912
-9704
4284
-8095
-4820
8452
546
1322
-3084
354
5512
-2211
2237
-1528
6078
-3156
-3522
-4993
1683
-5603
1785
909
5383
2279
-5006
-8967
150
9182
-2591
9741
2325
8658
-4665
854
8615
2004
-2784
-7118
-4409
4507
-2698
-2134
-3834
-9467
9566
316
4122
419
509
-3712
-2861
-9840
-3063
-510
-2095
-9729
728
-4682
342
-5185
-7371
9931
-6698
154
2672
-1762
-6123
6777
-6121
-2094
-5836
1614
-4405
-771
9794
-8781
-8147
2630
-2952
4944
7031
-9329
-1204
-262
626
-6417
-8838
-1087
4452
-9087
-312
2027
-1238
7042
6670
5021
-666
-5770
-7087
-2406
956
-5012
-8239
-3952
-6823
6787
9252
8400
-8366
-2932
-1918
634
820
4787
-6748
-2940
6491
-4007
-4634
660
8062
-8605
-1580
5545
1513
-616
1220
7843
1461
-2456
-6688
-1824
9941
1673
3945
3782
-313
-187
-619
-4255
3318
-4168
6049
-6323
-5090
-3339
3556
8407
-7187
-3766
9730
3935
8940
1734
5987
-9248
-1540
-6952
3043
-5293
-1019
-6182
6347
-4336
-8567
-3953
-2592
-8777
255
40
-5765
4816
5953
-2802
5369
-9938
-3876
-454
9204
-9288
815
968
-2640
-1334
-1736
2127
8283
2617
-4344
201
2127
438
8379
-7146
-262
-8747
-6556
-3256
-6622
6288
6571
7833
-2913
6758
-4006
7225
533
-1018
5077
-7440
-1092
499
5291
-6433
8670
-9249
-4534
-3065
422
-1539
-7272
6321
-9773
8597
8864
-5851
-4043
-3209
-5846
-4292
-3020
-1612
-8658
-1219
2122
-9401
73
-7487
1627
-1635
-2128
-4423
3364
-7828
9510
-5454
-7569
357
-6231
-5321
-503
-974
-7758
4665
-9769
-2987
-6563
-341
8389
2010
3621
-9038
638
-1556
1075
-7365
-8957
-2271
-8841
-1492
-8428
410
-8360
7104
-3051
5262
-4150
-565
-2515
-3612
-5345
-6425
-6480
-8128
1406
-5431
-9375
6722
1657
-2796
5168
-9301
-3460
1073
-3158
578
-7775
-1156
2001
183
-2068
-1565
-6646
518
-2699
2572
-3979
-1121
-8673
-8461
5506
-3517
6162
-5699
5249
-4784
-698
3147
-5574
-6975
-9730
9830
-9121
-9936
-2216
-381
-3552
-6819
-6654
5483
-3170
4052
8176
-6704
1090
8362
-437
-124
-6610
2792
-1332
-6989
-3470
-214
-950
3396
-6108
-5910
719
-3644
3019
-7270
-6350
-2488
6555
-7568
-3136
-975
-4089
-6619
8477
8619
-7888
-8387
-150
8473
-3804
-4885
-6905
-4460
-8922
-880
1403
-688
-2104
8644
-9360
-4608
640
4183
-5981
-4835
3387
-6921
-3874
-8378
-4790
2483
-4835
-2209
-8251
-7423
-4553
-4282
-4654
-8035
-4445
-1178
-7079
-4843
-2579
-5920
327
2337
-8463
-6318
2540
-7562
-725
3454
4832
6301
-9493
6624
2577
-6115
-4183
-8478
3543
-8285
4248
-3335
550
-7398
348
-8827
1545
-7909
-4703
-9186
-8885
2667
-5211
-8592
8823
-7966
-7048
-91
1763
2056
-8445
-4031
6089
-6396
-8340
-8910
-6762
-7369
-8133
2441
-7003
-6650
-6923
-4764
-9969
2328
-9709
9073
-3362
-8672
-1808
5932
8991
-3269
-4292
7600
-6529
-8775
-5832
620
1400
6052
-4894
-43
-5052
-8394
-7472
-3299
8083
-6164
-2788
-702
-4062
9126
2496
-6358
-4790
-6173
6180
430
1304
-335
-940
-8266
-706
1768
-9995
5187
392
4211
1112
6227
5651
5552
-1425
-2337
-3304
9241
-3361
-9561
-1810
-2011
7511
-7757
-7759
4201
-2016
-7437
-3299
-1021
-2826
423
-5630
-6088
-8169
1859
369
-7365
-4232
-9131
-7847
-1294
4352
446
4314
4885
-2833
-4504
-5232
9495
6624
-5701
1937
-153
-2256
-2713
-66
-3912
731
-8475
7955
95
6226
-6077
7713
1533
608
-577
1693
-7073
-6191
-6198
-6694
-5214
-8135
-5222
7254
9883
-3953
-8742
-7119
6006
2523
-3650
8835
-9861
-8847
-1566
4558
186
-7267
-7702
8017
-6240
-8226
2732
-1410
2343
1368
4686
-5491
-6727
9797
1774
-7916
-2358
-3734
-7669
-2833
-4888
-7532
-9253
-1565
-2467
-3750
5211
-4309
8332
-7999
5552
-4663
-1288
-2774
-4503
-4001
-7474
-8412
-1658
-8224
-4255
261
153
1194
272
-645
-7736
-8531
-2416
-5186
-8774
-4883
3881
-826
-8847
2513
2425
-4573
-4426
-7852
-4609
5577
-3498
-2054
4539
3788
2283
9383
-9551
-6611
-9123
2963
-2673
2548
-5592
-3048
3728
-8099
-2017
-1874
4512
7705
-4337
-3303
-6240
9934
-6168
-1823
2444
6782
-2852
-1021
-6211
5425
7775
-7194
-4343
-598
-5641
-7057
-4143
-3009
-8778
2586
9500
9191
9348
9825
-6754
-9356
-9735
7935
-8258
1476
4852
1402
5530
-462
2599
-6759
-6590
1684
-8752
-8511
-5268
-1120
-1679
-3211
-4822
1228
-491
-2942
277
-2303
3356
-2466
-211
264
-5357
7918
-5597
7046
-2620
-6776
-586
5608
9614
-3978
-5764
-8962
-7339
-6331
-5438
1676
1438
-3883
-7367
-5698
4020
-2318
-6967
-7236
-6707
-9532
-3257
-931
-749
-1621
845
482
-6720
-2299
1511
-6404
-9950
1074
-1683
1453
-4217
185
-3570
-426
7226
171
4725
-7058
-9877
-6167
-5530
1076
4912
3555
-4661
-1249
-2648
-3550
-211
-1539
9512
3205
-9566
-2503
7089
-7056
-2383
-3427
-4067
2242
-8406
537
8038
-887
-902
4709
-4642
-2861
609
-6459
-6976
-3260
-7872
-3158
-9268
-6610
-4968
-8032
1102
2174
-7313
-220
-34
1012
-8553
-9162
141
-8683
42
-9488
1311
-8828
-5256
-6505
6067
-9139
1797
-9136
-4182
-3516
-8722
-2764
870
-2994
-9940
-6969
-4620
-4609
2937
-796
-7195
-3420
-5321
-3107
-4927
2786
4656
-8092
-4641
-7746
-3461
-1791
461
-4643
1151
-6099
-4361
-913
1754
5186
2596
-4503
3686
-8633
-9532
-367
-4078
2100
-4788
6972
2230
-4713
-4266
-260
-7956
-9775
7287
-4042
-2345
7815
-3796
-6445
7434
1780
-943
-5098
-3452
7205
-4168
-5257
-9535
1376
2775
-8250
4367
-1020
-8060
7985
-1126
4761
-9252
-5235
-6026
-3715
-758
-2676
7029
6757
-5080
9944
1459
-7993
-547
-8616
-9280
-6701
-7535
-2568
-8205
-3740
6273
-7318
6464
-4139
4201
6502
-2254
2229
1482
-7272
-8720
-4485
6672
-5383
-1181
-2625
-6775
9534
-2149
3428
-8484
-2162
1135
8112
-3108
-3558
4196
4167
215
-5749
8401
1332
7127
9524
5952
-2841
-6654
-2545
-6634
6207
4770
-9874
-1929
-2873
-9877
-1174
835
5607
890
7705
9766
-3502
-5221
1957
-2064
-2842
4687
-2209
-3904
-5963
-1237
-8588
1926
-5443
-8124
-6983
-7833
-3490
-854
-8469
5893
-4884
-8142
2044
-5385
-6621
-7592
8903
-1857
-9029
-1243
3236
-8771
-2277
-658
-640
-7299
-7949
1246
-2672
1690
-3642
-205
-1346
-8646
-1754
79
-9020
4321
-1053
-5304
-2367
2340
-3901
-6655
-2359
5021
-5386
1759
2808
-480
866
3891
-6872
-7797
-7354
-3236
5260
-1374
-4129
-8943
9780
-7782
7300
858
-5073
-4745
-649
-928
-3172
-4110
-9475
-2744
8346
2079
2638
-5159
9981
427
6664
-3897
484
-8373
-3736
-6102
-5554
-3084
7836
8302
2380
-5979
3570
-8080
-4527
7659
2357
1958
-4367
-2683
-3303
-3265
4042
3558
5558
-690
-1763
7899
3922
802
-6112
2415
-3615
-9705
-1675
7948
-622
-7532
9853
-7198
-9119
-630
-2870
619
275
2180
-5198
2256
5282
-7201
-1845
-8120
-715
7030
4469
-8959
-7852
4740
-8912
9409
1017
3460
8090
-7637
-8342
-9413
1938
-7386
-1240
3832
-5155
1565
-2367
-7686
-2099
1441
-4246
724
-6241
-6538
849
12
-3675
109
-6480
-2774
-9981
5262
-7810
-5648
-5634
-5896
6859
-6108
5842
2092
-5845
-8778
-6621
2117
-6862
-7234
-9482
877
-9503
-826
4001
-9842
-8352
-7481
-8834
-7005
2093
8857
-6809
1049
-9549
2372
5440
7411
-9697
-8581
-2482
1834
-2672
-1810
-1230
-9547
-6197
-7693
-3311
5297
-6887
-2641
-9201
2681
-5395
1684
2249
-8905
-227
-9688
-1319
-5922
-4164
-7416
1017
-1131
-7000
-9171
1074
-5351
-2338
-2160
6442
-9667
-7058
-4248
-8671
-492
1556
-3590
-7647
1648
-539
-3757
-3085
2122
-5591
206
3151
-4602
9353
-7075
-6441
5904
9928
-4154
-4252
-9910
-5739
-2963
97
-1592
-767
-9261
9014
2458
-6672
4827
-6426
-1653
2156
-4206
-2690
-9749
4830
6896
-6010
8617
2622
-2436
6428
-7902
1481
-274
5888
6401
-6763
219
847
-5348
-8030
-9557
-1484
6088
2706
-8596
-3203
649
-6180
-1332
-9907
6503
8603
6883
-2288
841
-7957
1807
1683
-6917
-5322
-956
1014
2581
1899
-9372
5819
-5000
2896
9740
-9312
-6216
1273
-7889
-2060
-6176
2330
-1946
-3899
-1999
1626
-8920
2137
-9459
-5079
-9739
-5539
-2797
1331
-5990
5251
2411
-9129
-4208
-473
-6651
-719
-8378
1873
-7361
2589
-159
8867
-7869
9184
-1886
7275
-7974
607
5830
-8616
-5572
3060
242
-7276
-1467
-3841
1745
6607
6546
-735
918
8314
-7776
-5783
-5817
2102
8797
-5818
-3523
9868
8988
-1274
2885
957
6695
-7104
-2166
6557
-165
6601
6806
156
6032
-7089
1045
-3994
-3783
8390
-4226
716
1195
-4643
-3348
1794
-7583
1524
4755
-213
5665
-973
-2193
-3248
9688
4275
-6306
-3785
-406
7008
-6031
-4108
-402
-7903
2749
-7461
2967
-7691
-7
6200
-5329
1474
2019
-5731
298
9292
6950
-5021
8857
-7677
7736
5613
5819
1948
-9531
-3225
-5350
-6773
-8748
5883
-1931
5224
2526
-4550
697
8206
6820
-1060
6038
-7442
-8634
-9649
2640
767
-3988
-501
-814
7096
-1910
4454
8908
-8998
7522
9062
-3758
4654
937
9787
-244
599
-8529
-9587
-5522
-8575
57
-3468
8487
8761
7410
680
8408
9602
1057
1111
-9627
5413
-5955
-7683
-5519
-2265
9663
-2063
8676
4674
-1803
8829
-3729
-2675
-9312
1232
-4843
9662
-42
-6056
769
-334
-9108
-2261
2587
-5847
4303
-6171
8356
-3209
-8330
-8811
7924
8345
-8961
-9382
-8247
2052
9039
-2322
-6999
1476
-1987
-7175
-9636
-3517
52
3859
-261
4713
949
-4637
-7693
-2427
3740
3271
-6942
-6969
6980
-9093
9281
-648
-9813
-8333
-9755
-2011
-8389
8749
-2137
-1707
9666
9828
994
-2200
-5088
5413
-6371
8825
4365
1543
-4407
3840
-560
-2762
-8724
-5986
-3214
-9841
2529
-4933
1846
8117
-297
5452
-8632
-6313
4866
9328
-2696
-9734
-4145
2115
5534
-4935
-5031
2133
-6233
-7066
763
-1548
-2191
-1771
-8154
-6614
-6479
-8647
-2249
-8566
-170
8271
-8703
-3509
-527
-3593
496
2361
-9481
1228
9745
-7166
6590
-4819
2829
1047
3949
-326
-8492
148
-3624
5414
6049
1341
-4887
-2073
-6406
-6513
2047
-8525
9689
-4787
4914
-6935
-535
3491
125
-9588
-2348
7529
1789
-3370
-2886
-7228
-5132
-1750
-699
5558
-7242
8299
-4068
-3156
1469
-5141
-46
-9122
-1218
-9754
205
-7464
2497
2287
-8134
2611
-4309
74
4803
-5658
-6241
6749
7816
-9724
-5662
-3231
-4824
-5570
-5531
-7620
-1856
5226
5890
-7116
2297
5479
-8065
2494
7004
-2146
-2600
-4075
-5754
-7284
-3485
-4015
-7517
1056
-3638
3192
-2348
-9952
-5504
-1522
-5546
2865
-9360
2418
-832
-8648
-5352
-2006
-8184
-199
-7720
-9025
-6606
-6902
-1343
-6776
-4863
-9533
94
4705
-7442
-8300
-6264
-4316
-676
2620
6137
-3623
-1209
-1832
-6616
648
-1082
-3336
-753
1649
7530
-3592
7124
-804
3429
910
-7521
-7052
6289
2240
-7151
6703
-882
-3976
2072
-9776
717
-6280
-4806
6481
5293
-1517
-4164
-6342
-9500
1750
-8833
-778
-5087
451
-3514
2601
207
-342
2240
9308
1212
-2416
9282
7545
1244
1999
-748
-6499
-2873
-2463
6319
-1046
-6966
-8736
-6684
2684
8414
8298
-8705
-7043
2097
-9600
-17
-5091
-436
408
-8001
-2690
-6888
-3983
-7193
-9138
217
1797
4327
-1961
-7204
9727
1232
-8297
1400
-8404
9129
-2571
-7442
-2157
1289
-4945
-8171
-1944
4425
-6033
-6667
-5249
7197
4872
-8719
7360
-5730
-420
1963
-9639
1325
8380
-8321
-905
-202
-1162
-3016
-8967
6322
-2454
356
-3973
111
-7746
3843
762
-7371
-3662
-8962
-8840
447
-5257
5469
8158
-8430
-4516
-8102
2306
1263
7112
-7089
-5879
-3841
-2706
891
-2033
-8809
4415
283
-9149
-2721
-5222
-3528
9466
-3349
-6071
-7060
-4421
-5619
-9811
-7809
1184
-402
-8294
-5973
3297
1559
2337
1130
-7417
-4682
-7860
-6384
-7481
-800
-4980
-3439
-2926
1779
2072
1736
4073
1022
-9168
2874
6255
7747
254
1877
6114
-7782
-4982
1022
810
-6278
-4190
-2260
1106
9780
-2528
-18
-5994
1024
-1970
-6765
-6499
-7332
8192
-5780
1418
-6320
4714
-1941
4912
1400
-4878
-2191
-7389
4639
-3672
1413
2739
-4026
-1555
8390
-1574
2444
-3624
2372
3544
-8690
9379
-1589
1495
-5424
-4552
9666
-8429
-7689
-7346
50
6176
4026
-1923
-6996
-4161
-6345
7981
-8122
4925
-2586
3915
9348
4088
-9290
-8223
-9731
-4003
5932
-4445
-3106
-6405
-7374
1294
-6806
1844
-5582
-6577
2306
2257
6974
704
-178
-3304
8788
7962
-943
7585
-6208
-2748
-6433
-1307
-8829
-686
-6087
9816
5651
1068
7757
3960
-2333
8332
4544
2501
-4573
7373
-1006
-7980
-9396
8288
-6241
-3425
726
1088
2723
-2562
-8280
-1464
4675
-2564
-9091
1699
-1815
-7644
-4613
-8348
-9618
603
-5819
-9481
7068
-909
-2793
-4711
4531
8060
7278
-3483
2829
-8068
966
-5266
-803
-2366
-5435
-2701
-770
-9735
9889
6799
-7414
-1832
9334
-5169
-2778
3458
-3751
8426
2760
5387
-618
-8148
-462
1110
-877
-2925
-2433
3561
-9033
-5921
-3167
-4936
3880
-6941
-1306
5736
888
-3486
8772
-16
-6335
9814
-5747
-3649
-2447
6610
-3774
-7514
-2910
-2806
5491
-338
1259
6000
-3910
-3925
4061
-62
5868
-3917
-1018
-5374
-8970
-2161
-8965
-1911
-637
-6734
7315
-4875
4830
-2260
-6027
-9754
9877
-425
-6248
-9326
-8604
-966
-9281
-8883
5587
7181
-3250
4812
-8936
-1480
-1251
-9809
7618
-6269
9670
-3591
-4970
1320
197
8549
2586
-4657
-7137
-1260
-8462
-2381
-4957
3593
-4374
3689
-6959
8184
-8715
5635
1562
-3812
-6734
-49
-281
-5113
-1609
2084
-7844
-1952
2504
5632
9373
-342
-3673
-8788
-3088
-2305
7412
6402
-6522
2182
-7380
-7184
1653
-9053
-5292
-8901
1927
-1556
-4903
-6069
9049
-8772
7481
-3461
-6276
6508
-2884
-7718
-2367
2718
-8282
9171
-4173
6588
-5228
-9373
7268
9921
-7303
3604
332
-8810
-4784
-535
4656
-6529
6299
-296
2144
8279
-3908
8506
-8541
-4870
1453
-1762
-746
-8063
-1358
-2430
-9228
-5454
-7577
-4478
9232
-9671
865
-7149
-3801
-3087
6033
-9331
-2307
4553
521
-7192
2685
-2076
-1691
8423
-413
-4577
-1817
-6954
-5150
-2087
-8391
-1575
-4577
-7347
-7744
-8959
6013
-3293
3280
4121
1180
-8474
-8072
-2489
3652
-4039
-1789
-425
-9409
6440
382
3794
451
-8869
7391
2734
-8453
-7634
3165
1418
-1411
-3100
1412
442
2109
6585
-7635
-9568
-7195
-2023
4458
956
193
8976
-4063
-5594
8417
-2814
7064
-9447
-4550
-4229
-1000
9713
-2322
-8950
4460
-9161
-3923
8042
-7575
-643
2589
-4991
-2475
-5818
-2186
8109
5732
-9112
-7791
7195
-7907
-5259
-9981
-3782
-6782
-3723
-2940
9072
-6376
-4071
5622
-4853
-8773
-1973
-1535
2938
-3594
266
-8444
-4931
-7532
-4458
-7159
761
885
-9435
-2025
-6415
-3000
-576
7535
6035
-3408
748
-6962
-3985
-3545
9441
-3302
-5363
5963
-7550
-8613
-5314
-1261
843
-3608
4883
-8380
1263
9893
-6419
-5083
-9476
-4118
-2794
8398
1536
7717
-4179
-9595
467
929
1768
4332
-4727
1321
7574
-3787
-4082
-6712
800
-4649
-5511
-45
2653
1095
-5095
3881
574
-1
3405
-3910
1860
2050
-3269
-1210
4061
-8765
-5472
1862
-3158
834
1379
-4910
-5502
-9575
-4367
-3366
6551
-4586
-3161
566
-3756
-5432
-6392
994
9298
-9792
-102
6669
-704
1872
-8244
3146
5705
-2569
2295
1959
-4426
-3457
9066
-6137
-4881
2759
3103
6025
9929
-2978
-5359
-2327
-9415
7632
-3726
-7188
783
-2109
695
-9963
6849
1411
-5385
-1734
-2363
-9860
-7595
-4548
-5405
-6423
8923
-909
-1172
204
-5369
-2068
3876
-4228
-4951
-2481
1061
3941
-8338
-5471
-6235
-6741
-9834
-9614
-168
-4430
2127
-3857
-8779
4091
2490
-1734
-9454
8143
-7535
-5670
-5539
2592
-5971
-8331
-7965
-7634
-5503
1374
7249
-9880
-7028
-7798
-7971
-9196
-5679
-247
-604
-9424
-898
-5807
-6664
4891
-9163
8700
-6924
-1715
9897
6803
5810
-6515
5605
-9204
-1253
3398
-331
19
7943
-8081
-1506
-6041
-8643
-4363
2802
7717
-5733
5973
-3200
-4409
7231
2984
1073
-1553
-7624
-6426
785
5090
1225
3621
2316
4560
4041
-255
8219
-7207
6281
-8895
-228
-522
-2339
952
-8059
683
-1230
7272
7870
548
4807
1006
3239
2918
-998
-998
-1289
-7625
8096
-3619
-4112
6857
-8008
-9624
-4596
-1707
-1310
-5230
-9510
-7573
-3829
-6823
-1560
-3005
-2099
1357
1185
-362
-5961
-7668
3388
2196
6279
-5498
9866
-2165
-7105
-7732
-2410
2349
-2764
4038
-2317
-7528
-1844
-6050
2224
2542
8804
-4858
9163
-2970
-1555
3897
-1115
1766
-94
-7300
-6407
4143
-1836
1543
-5264
-4232
1381
8266
-4366
607
-3690
-3991
-3143
-1314
-3391
-3990
-7863
-2663
8940
-3440
2178
5155
-6506
649
-9067
-203
-7659
966
23
9062
-1182
-120
-9676
-2789
1360
6915
-825
6620
-1593
-1635
-1176
8427
-6905
6872
4134
1613
8622
6033
-9931
-6220
-9984
-8922
3144
56
-2526
-9121
-5407
-3616
-8150
-5561
-120
232
-2924
-68
796
486
-2474
-3354
-8634
-1050
-1514
2377
7668
-4587
9083
8320
-6619
8071
1280
-8958
-2209
-8943
-5424
-4504
-7895
1719
-1714
-4140
-5578
4910
-5355
-6039
-6112
-8360
2722
-4771
8214
-9162
-4693
-8712
3382
-2498
-4421
8311
2493
-7385
-6217
1707
1503
-625
9891
-4985
-2894
887
1189
158
689
-374
6309
-7348
-7043
2119
2079
-7409
-5114
-1508
-3375
5815
-8724
2066
-200
-9021
-8066
331
9244
3980
-6419
777
-1305
-6497
-2726
-911
891
-2107
-3626
-6387
8709
528
-9308
7639
-2483
-5711
-706
7219
3023
2979
355
-8995
-274
-1234
8005
-6170
-7451
-6257
-8857
505
-894
-6830
-3928
-7965
-8240
-4700
-5887
2386
-4748
-4409
-2256
-5188
6905
-2810
1323
1861
717
-4694
-1983
3579
-9973
-9876
-7586
-8990
4092
9901
-855
-683
-2917
-4511
-232
-4533
-2377
-4365
2298
6523
-9859
-8956
-4389
-548
-2157
-1707
-1143
8687
7530
-4153
-1873
-2755
-2451
-6558
-6964
4262
-7904
2451
3360
-4653
9094
-8999
-766
-2422
609
-8285
1210
-7859
8383
-1837
-8854
-9766
-7021
2565
-2768
6550
833
-2315
-8854
-5336
-1218
-5443
2360
3754
9720
-995
-1782
-741
-7022
9665
-2640
-5832
-302
-4642
3831
-9876
5086
-4194
-3724
1829
9509
-9252
-4705
-8375
3098
-8719
-2618
488
-3546
1424
-5701
3573
-9154
2030
-5617
-9808
-2700
7206
-480
2725
105
-2339
3223
-9062
939
-9472
2286
2627
-3845
-6505
3183
-1925
-2513
-2346
2915
-3921
-7461
2029
807
-1382
-4693
-1332
1795
8699
-2414
-6205
-9736
-1321
-6808
-6940
-7143
-1495
-9874
4686
-7300
2431
8982
-5493
-7792
-2312
-4094
8409
-7982
-6730
8872
-887
8731
-6858
2559
933
2428
-8394
-6409
-5452
-4629
-5279
2084
-3965
-352
-6423
3133
318
-6533
7379
-3861
1339
-3352
-6798
-5476
5092
-536
7604
-6058
3755
-4187
-5183
-1420
-3140
2961
7587
-9139
3069
7338
8962
7569
8464
-9446
1552
2168
7288
7883
-9138
-7076
8701
-7920
-187
5989
-9424
3332
6648
-603
-9485
-3525
1595
-1980
-6605
-6062
1730
8831
-5864
2380
-9953
-2866
-9665
-261
2436
-6429
8550
-8869
-5038
-6184
-1560
-573
-5714
-502
-568
-1252
-2324
-1563
6003
-8812
1179
-7271
-1184
3920
5816
-2125
-9220
8704
8033
206
-2618
6486
-846
-9721
9748
-5993
-2903
-941
-8322
7441
-4051
525
-8965
1678
-6321
1556
2472
716
-7473
6995
-6421
-2235
-5951
2016
-4299
-9262
-9422
-2008
7246
7062
1063
6122
-7157
-5900
-7835
-9884
-6558
1924
9622
-1205
3458
-7450
-4792
-3297
-6564
8376
-583
-5539
-3482
-9917
-1611
8855
-8383
3547
-2475
-5183
-6086
-7577
1425
1006
-754
604
-5766
60
-2799
-7696
1566
-3255
-8558
1613
-1071
-6862
-9000
-6683
2061
4276
-2576
8966
-3112
-4655
7305
1677
676
-9574
-3684
895
-4516
-8474
468
-7274
-3009
-8467
2823
-1669
-4027
-6135
1409
9202
5704
-4351
6124
-327
-2745
8048
2921
3154
-4475
-3916
-5634
-8000
-4143
5236
-9001
-8656
8969
-7135
-3770
-5956
-5952
-1864
45
-9109
9441
1706
-2561
-6118
6317
6685
-7613
1152
-9079
-172
-7785
1806
-4324
-3219
-8963
-1801
9844
-5815
7986
8975
1099
-303
-1957
1493
8073
-4521
5031
-4299
-1815
6235
4367
-1749
-3201
-3728
-3392
-1694
315
-3970
-3141
5542
488
5961
2332
-8874
-6951
3728
-5796
1148
5126
2618
-7344
-2278
-9297
-7345
-5156
-2747
-5812
-7676
-5725
-618
638
-5286
6654
8862
6789
262
-9969
7291
-6439
-7757
6454
6312
3537
-7288
1443
-4615
-3992
579
7245
2952
-3297
9104
2340
-8215
3303
-9130
-5150
-4156
5978
-6097
-4890
7077
-7002
-6406
-3901
-2195
-3177
2388
1464
1164
-6740
-1498
-7399
2896
9959
7960
-363
-258
2798
-2611
-6279
-4413
-8693
-3887
1650
-8954
3609
-6066
-5292
-8321
-6502
-7296
-3433
-118
1868
7432
-9369
6720
1247
578
-1922
-9572
1630
-9188
-4532
8518
8277
-9501
-2345
-6002
6676
-8490
-1304
4823
-1872
-2969
2021
-8905
-3125
-5729
-7429
4026
-3497
-2339
31
3535
7158
-8090
2451
-7268
-1437
1977
-6130
-2537
-5803
-1983
-8807
4657
-3293
-594
-9708
5362
-5789
-1337
-4030
-8087
-2249
-7241
-7228
-605
-3862
9906
8095
2111
-8330
1394
-2462
6714
-5140
-9982
6958
-6001
-3027
-9825
-6515
2049
7036
1788
-9819
6586
3159
-859
-4238
-1554
-1950
165
846
-2557
5991
2350
-6122
2518
6043
-1076
-3097
1717
-7389
-1498
-4818
-2796
-8490
-4128
6591
-4772
1605
-9250
-6076
8614
2296
2163
6044
-2168
-294
1678
-8134
-3026
-1382
-8133
4599
-8052
-2712
-7634
-7868
-4492
-6522
-7751
-3876
-348
-4608
-1667
-4762
-7036
-3044
-9112
-242
-3379
-5488
-7043
-2693
-8248
2675
-755
-574
-4284
2582
2673
-5707
377
2416
754
-7231
5295
1313
293
-7786
-249
-3054
-8065
-8377
8215
1947
-4379
-429
-3406
6056
9317
838
-7832
1915
804
-1893
-2059
-8587
-6794
-5822
-1420
3249
-7467
-8920
7190
-9040
6638
-361
-4400
-6402
-1641
3923
-5960
-2807
7333
-3699
-975
2200
-1855
9632
-4665
5279
-8996
-8756
-8647
-7509
1977
1449
-1709
-2172
2581
8419
259
4563
-7420
-4609
-6644
-2623
9402
-4545
-5225
-9565
-4757
9413
108
-6189
628
729
6431
-2527
-932
-9712
-6165
8874
-5835
1127
-4253
-8154
616
-7954
6856
-982
-1264
9005
1143
-925
6118
-1729
-537
9802
-5477
4737
-2544
-488
3310
-4046
-1204
6936
6837
2514
-8667
-1219
6302
6001
-5852
-8366
-1221
-8926
4115
-3016
2840
-267
-3202
-1843
5872
-8474
9882
-9268
5665
-9648
-3733
2451
317
7975
-9633
-88
2435
1474
-4415
-9987
-657
-4767
-4339
-5933
-3027
-891
-2562
7198
1490
1477
7309
-5400
-3250
-542
-1316
-6568
1021
314
8914
-8524
190
-7078
-831
-9916
-2074
7159
-9809
-6823
-9355
-2049
6132
-2962
-8406
-501
9598
-4563
-2575
-8456
573
-8553
709
1461
-8326
-6147
1365
-8704
491
7409
1280
-6035
8935
-8125
645
-5913
2676
-6459
-8674
-6981
5702
3316
-6517
784
-9269
2545
2637
-871
-8415
4692
4917
-4111
-469
-8125
-6788
-9410
4581
-4705
-2316
439
-5165
-7872
-5121
-5719
1666
-7806
8895
-7394
-3000
-4096
-4372
-9448
-4372
-7042
173
4957
-147
-82
-8415
-6090
-610
-6676
4223
4312
463
3756
-5858
-6237
7186
9174
-4077
-2804
-8260
-8754
-9885
-2665
-7383
2390
-5679
-409
4231
4634
-5061
-4806
-1974
-5565
-3612
-3892
-2458
4782
-9616
-3802
-6500
4226
3798
-364
8627
2906
5938
785
8906
9898
2747
-3000
5870
-3807
-4652
-4834
2792
-8949
-2776
4042
-8905
2204
-9968
2181
-793
-2998
-4683
6697
9082
4376
2111
3253
963
2745
1316
-8498
-7780
-8781
3874
-4274
183
1572
6802
-5131
9295
-8286
4539
6853
-253
-5240
-7353
-5458
1731
-8370
1747
9956
973
-7624
-4468
-167
-6669
-6285
4375
-7865
-2917
-1604
3663
207
-3148
-1630
1587
9697
5247
-2006
417
-3526
-1272
-9668
-2753
1909
-700
1491
-7913
-9669
-7853
-5222
5455
-1540
-2784
-9095
-4114
-9019
4856
8363
-6849
8646
5423
-9614
-5824
-8836
-5534
-7125
17
-8526
-3415
-8408
-2095
-161
-4477
-3822
5864
-3116
-1710
-3850
-9277
-2532
-5940
1285
-6808
-3624
-8212
5396
-1084
-6508
-2671
9955
4482
1787
-3901
2083
-1824
9377
-47
-1735
-1535
2410
-5055
-4448
-9976
-4660
-1561
8399
2845
-8466
-5417
-6663
-1519
5430
-1706
1338
-8471
-6113
-4903
5584
-9162
7536
1831
678
-7228
7595
256
-6216
-2571
-2269
5605
-8619
-3698
8754
395
-3841
9519
-3225
-3590
-551
-985
-119
-169
-8189
8969
-9487
7549
3966
-7365
9914
-8661
-1869
-7378
-3298
-5917
-9508
-270
-1920
-8240
-4519
-2615
-2999
-4410
676
-8739
9328
-4271
-5076
47
-771
4711
2332
-7505
-2549
8415
-7204
-2221
-7563
229
-6790
7042
-7890
7439
-6135
-5552
-8598
-7253
-6261
-1810
-6013
3802
6861
-8989
-5218
-1280
-8689
1143
6157
-9702
-2482
-7219
-6032
-5677
8892
-227
-9792
-5964
1676
9719
4973
1081
-8042
-184
2406
-3126
-6694
-9817
-1768
-4409
1470
-4476
-2437
-2172
-997
-5045
9322
6743
-7169
-3421
2769
8944
-7924
9814
-8148
-4664
5986
-9833
-3315
-8579
-4773
-6724
5310
-9442
-1893
7158
5928
-5852
-567
-4327
-7693
-2208
9114
-2531
-7441
-3688
-82
-4920
-8781
-9483
2555
1035
-8572
-9703
5362
-4786
1623
-4753
6551
-1403
5850
-1978
5459
-1076
-9775
-4544
-4368
-7438
2076
-5212
1091
3216
-9535
-8068
7113
-4643
-8537
2750
-7157
933
1728
-1694
-1652
-9193
-1332
-452
-638
-4964
-1158
-8274
4065
-5487
8177
-9388
1304
-6418
7149
-1726
1822
-9339
-6547
9814
2350
-5678
-9173
2471
-8015
591
2733
1660
-357
9575
3390
8550
-8615
-6675
1460
-923
-5302
-6515
2493
-5683
5323
-1501
-4361
-5777
-9673
-6613
-9669
-4912
1741
-9385
-4770
-3201
-8557
6954
2170
-3196
796
-2598
-3673
-6946
-8120
8983
7696
-1209
-8310
-9450
-8956
-3879
-18
-4955
-8856
9973
-2342
-3264
-3816
-5090
851
-3543
-8092
-9552
-701
-46
7485
-5657
6298
1052
-1612
1439
-8846
-4379
3712
1799
-9193
9117
-7041
9520
-1240
2810
5698
-6593
2456
-4883
1252
-2483
-5513
9940
4793
-5779
7063
4593
-5331
778
6186
-8198
-9908
2070
1768
-6989
-1503
288
6746
-2086
-2149
-2813
1843
-3615
2614
327
-3527
-9504
1367
1921
-945
-8916
-5611
-1282
4236
9956
-351
5793
-7157
8811
-4543
1607
-5367
6587
-1097
2326
4106
1205
1098
203
-8196
-224
-5084
601
97
-820
-2022
-6253
-9049
-397
1034
-6328
-3590
4013
-8280
7215
-5826
8698
7677
-6782
4534
9344
1767
-8593
-4281
3098
-1499
2316
-5213
2157
2680
1613
-8896
2302
5347
8913
-2391
2339
-7277
-8577
7162
-3815
-3581
-6
-7453
9717
-7709
1289
-7881
-9092
-9936
-583
-129
-4363
-1018
-6710
2767
-7041
-5026
6436
-546
-7327
-2383
-6583
2736
-6114
1084
-7215
-2185
-5615
-1591
5171
-9384
-2566
-4787
-5058
7955
7693
-6963
9396
-803
-300
9508
2798
-6480
-6411
-697
542
711
7861
3146
-8831
674
-6760
-7363
-9141
-1903
-5945
-2724
-3326
-7858
-1409
-6585
-8556
7372
7837
-628
-6401
46
-580
-9521
-8138
-8454
5480
-863
-4441
2609
-1687
-7181
22
2263
-2144
-656
-4273
-7591
-6438
-5945
-646
1900
2401
3337
-5009
-2118
7441
-463
-3125
-3205
4716
6828
4836
-2367
-9939
-976
6426
-3082
4258
-8114
-1842
-4343
6901
272
-169
-6553
300
8634
-1357
9384
7026
-8396
1725
-6134
-1419
-9815
7004
320
-2895
-1838
-5567
-8433
-9011
9778
-1452
-2482
-475
5434
8230
-1927
-2360
-8875
-7924
-9119
131
9222
1644
832
3678
-7955
8409
-584
1766
-5396
-7332
-7437
-6615
-8056
1939
-9398
-7032
-4206
31
-2322
-4822
-3611
5656
2370
-1362
1587
-2942
-3383
-5468
28
-1882
8960
-4771
-7649
-2692
-8470
3775
-2348
-7163
-1679
2365
-2504
-2944
2636
-2330
2538
-4420
-4896
2396
9590
6986
-3870
5866
3569
5335
-2684
5743
-2749
-2664
1936
7741
-7796
-5722
-3571
-3065
-7007
1613
4267
1976
-3274
769
540
2624
-160
-8367
-1791
9589
794
4734
-2871
-3561
-9240
491
6771
4469
2491
-9448
4411
-9906
1780
-9107
-3277
-8165
8301
-2123
7827
908
-5931
-9846
12
-7505
-5191
-3468
-9791
23
6316
3318
5017
-1572
-9122
-5536
4141
8129
6704
-9620
2759
-1997
300
2536
-4594
-9832
2413
-3028
-8544
5286
-7834
23
-3689
-7981
-3614
-7464
-6954
-4851
649
-8986
6695
-5972
-6045
-9097
2105
6309
-5376
-9139
532
-289
-1130
-3340
-7735
-917
5643
-3703
-6552
-815
-1258
6684
984
1094
1921
1785
-9726
-2876
338
-831
3729
2586
-9973
-9407
-4779
-1149
-9554
-9411
-9234
-4587
-6331
-6196
390
-2884
-7871
-3255
2303
-5144
-4095
7879
-8625
1281
1014
1315
-3128
-9373
-8348
-3681
-3266
-474
4204
-9362
-7036
-5250
7464
-4564
-9290
-5914
-9707
-4016
9436
761
87
-8572
-5269
8256
-1829
-5610
433
9135
-2794
1574
4491
2578
-938
6796
2295
-9148
9721
-7725
-2063
6212
4152
-9531
-5033
2723
680
-498
3311
6847
-1344
-7432
-6740
-4268
223
-7105
-1268
-9744
-7895
1825
-5241
7497
-2830
2707
6724
-1590
-4930
-6309
-6261
-6732
454
-7908
290
-8318
-4067
1294
4498
-9587
4434
-7761
1801
691
280
1531
1767
-6223
9156
-6079
-2735
-3305
-4138
-2382
-536
-6114
-7843
-2380
-5534
7796
1877
-2787
2702
-6728
2451
-6301
1596
1356
-6812
-9614
-3138
1798
9455
9656
-8114
8395
-9437
4869
9492
-6058
3470
183
-7872
-2403
9258
-9486
-9024
-2154
31
-785
8271
4501
-8091
-4490
-473
-6438
4746
1584
7652
-4601
-5325
7960
-6558
-6313
-4793
-9520
1732
-818
-2743
-6950
4283
2574
8484
9446
2053
-2263
-2773
6664
2867
8986
-5377
-4114
-1616
-1259
-4523
-6927
-4898
2432
-3822
-4277
2884
4893
-1258
-9432
-3834
1255
-4574
5536
-3566
-1273
467
1187
67
-2850
-1747
2198
-4542
5570
2592
-8675
-1813
9744
-8729
4281
-8018
4415
779
-2668
8092
1011
1554
-4581
-5822
-4332
1619
-9524
273
6975
-184
-4401
-7518
218
-1816
-9271
5784
-4785
-4427
5487
-7836
-1232
2230
5465
-1170
8162
-419
374
-6830
-9832
-9934
7592
-3993
-9509
-5582
-4537
-183
-9994
-2574
-8183
-3985
-8315
-416
774
8828
2227
7987
-1163
1981
-88
4739
-5382
-5551
-8546
1967
-3613
7238
5110
-7639
-9903
2979
-6135
1777
-6669
-8629
-9566
-2948
-1094
-6690
-599
-7367
-9399
-1980
1825
1907
-3347
1350
3608
-1895
7308
-8546
1683
-8453
-6849
8754
-270
8920
-5660
6394
-5706
-8842
4239
-632
-8485
1168
-4096
-1685
5996
-6761
2588
6796
-8202
-6701
-6987
-4071
5598
-4534
-7381
-2677
-5872
1890
9816
-4158
9336
-2231
3974
-8787
8916
-6379
-5790
-7405
-4983
-2680
-9224
4461
-7821
-8618
-5931
-4015
-3132
-4501
-2862
-5128
-8410
1670
-4590
-73
7873
-4022
-919
-7984
-1693
-489
-2560
-9906
-2724
-6091
-7308
2125
8012
-8272
2760
8216
-587
-2902
9780
-4395
-9699
686
-8772
4072
-6127
-9378
1445
1835
-9313
1275
490
-6490
819
-3170
-5298
6559
-1187
1793
-8564
4174
7211
-2492
-1290
-8521
8001
5714
4157
-9360
6919
2081
-8724
8781
-4929
2460
-6279
1107
665
-4163
-4578
-2161
-853
-933
1126
-980
-3331
-1556
-8061
-2690
-1407
-2555
-7834
6888
-789
9313
2449
-1037
-3683
1473
-7256
3335
866
8761
-2616
2424
-2336
2441
1465
-6595
-4567
8170
7237
-6199
9010
-5652
363
-6190
-8444
-2785
4271
-7976
-8486
1998
-9836
-5180
6179
-1198
-7410
-9875
2375
-8282
7506
3073
-879
-6569
-7057
-8096
7402
-8513
-9920
-6644
-6971
-4911
-8383
-7967
-5703
-8457
-6878
-4222
3381
-3430
-6566
914
-6577
8867
608
-9366
1085
2495
-2860
4041
-729
-183
-703
7175
-2085
1123
9354
-3250
1124
-1659
-168
8364
-4395
-8903
-1220
-990
-7285
195
-1036
-5568
1171
-2390
2191
5591
-3385
9356
-3921
-2461
-4738
-5421
6828
-7119
2085
-5743
-3616
-6495
-6455
-7162
-6497
-6581
-7883
-8670
2857
4673
-7388
-568
5499
-9102
-8816
2202
-5143
1528
-5975
-5998
-143
-9876
2604
-5648
-6197
-714
7347
-5422
-6595
-3189
2345
-9656
4438
-1225
-6560
-1687
6074
-6405
-2649
9439
1465
9076
-9834
-6230
4040
-6438
-8627
4579
-4823
-5104
-3362
-2912
-1524
-4485
2116
5400
8411
-7061
-5665
6920
-4816
1858
795
-427
6538
1938
6796
-5679
1534
-5175
1312
-1532
-2924
8909
-3850
-6877
459
-2975
-6899
-7771
-1061
5681
-3464
-1992
-3354
6923
9562
-9140
6408
1642
-1172
-4168
-1269
2043
7395
254
-2364
794
-6062
8074
-2920
-2882
-6133
7641
-419
4821
-3188
1407
1835
8240
-9065
-4824
9800
-1664
1315
-8894
1225
6436
-5901
2516
4474
-9220
-2045
8751
6106
2784
8553
3055
2861
-6315
795
-6185
1997
-9825
-2067
-7003
-319
-9230
-8770
2339
-3729
3853
-4108
-9738
1590
-7670
4166
4999
-7142
5838
-5897
-1033
3928
-2647
-21
7378
-1310
-809
-106
2060
-787
-7731
-4944
1765
8293
628
-5425
-5999
-3452
1262
-8682
-4394
131
-2559
970
-2250
7249
-8493
-3354
-8497
-6782
-6159
-1136
9470
-9270
-1097
-6773
2153
6123
-2228
-977
-9057
-6134
8747
-6154
-9127
1768
-6265
-392
4166
1231
-8655
7355
-3132
-9204
-6026
2851
-2513
2654
9189
4847
2240
-534
3319
-346
2865
1018
-6481
-8371
-514
6301
-6975
-5537
-4271
-6897
8627
3290
-5636
-3521
2752
-238
426
3885
2147
4148
1585
4979
6417
196
-5557
-4444
-2457
5990
-6265
2555
9606
2494
-1353
-9971
-166
1944
55
-9087
5316
9487
-6904
-1086
-2032
-6594
1430
275
-441
-3483
-7931
-9630
-4662
-2358
-9879
9343
-6404
-4647
4240
-8882
2049
-2637
614
-6
-570
-1212
3131
-4050
9793
-9003
510
-97
-9767
3811
-7924
-7605
8906
1519
10000
-5208
-8734
7800
736
-8810
5904
-8923
944
-2889
2333
-7352
9319
-8095
-4036
-3679
9642
-750
1983
-7011
6050
8835
1416
3979
-8231
-226
-5238
6374
1288
-716
1350
-2220
-7730
4395
9147
754
-6812
-4044
-3396
6063
-8111
9767
-7457
-1607
-9993
-408
-1378
-8651
151
-119
-9384
-5069
-3277
3380
7739
-1088
-6512
-250
1117
2558
-7233
8259
-4239
3474
-3587
-7233
-4135
-8260
-5929
4452
9046
-2964
-1101
2580
-2328
2579
-8247
-8439
9905
-9001
1913
-3066
-4388
-5268
-3174
4458
639
1120
8526
-4383
-2628
-268
5375
7105
4208
-5580
-669
-912
2084
799
386
-6133
-153
-1497
-4419
-8155
-2976
-1120
-7641
-8467
-9764
-8877
-8267
-6284
4178
657
-8549
1580
-7459
-177
6776
-8586
6832
-3822
8619
-6220
1002
-2432
-7801
3558
-8443
2722
1486
-1198
4470
-9433
2583
2117
-7634
1255
277
-1060
-6647
-8532
-4846
89
-6784
2956
-254
-3869
3647
6010
-5898
-2261
9726
-9540
-8403
-1881
-696
-5600
-5071
-7067
1571
-4020
-2623
196
6155
-1069
-9014
-1030
-3138
-5425
-9220
-7685
-931
-916
923
1407
-3440
-6143
4275
-328
-6999
-5437
-9360
682
-9554
-707
-5939
-7105
7284
-2469
-9366
-3302
-4731
1031
418
7461
1454
-3402
-8321
1773
-1101
163
2565
-5160
-5024
-6148
-7945
2347
-7799
2043
7193
1168
-5336
-5096
-272
-5414
-9684
1372
-4654
-2776
-8044
-359
9468
3657
-7273
-5223
2556
-3650
232
468
-1251
-1850
-1735
-5912
-4390
-7370
9214
-5983
-6930
-2457
594
-7360
-4230
1461
-5697
347
6206
357
-6885
-8158
-7323
5926
-6354
6243
-2453
-1893
2012
-9428
-6376
5560
-7104
-3558
555
-3251
4437
8871
-8386
3678
-4006
-7640
4456
954
821
-6
-4833
-1202
-167
-6790
9183
-79
-5977
-6636
2863
-7070
-5072
1214
-4736
-7397
-8480
3751
-5894
-7109
-4066
-150
1426
-7225
-8943
712
-6435
-9384
2848
-1676
972
2031
-5573
-5104
2896
8836
5247
5241
-9026
3463
-2091
-6019
-6634
9574
2748
2966
-6554
-8212
-4056
-1135
-8693
-914
842
-4976
7194
-8607
-5772
563
-4898
-6514
5077
-9648
579
-3223
5417
-4343
1588
-897
-9387
9953
929
2189
6575
-3515
-3230
4600
-932
-6192
-4512
-2502
-9699
-8619
-9579
-3239
5199
-2572
-7574
2623
-5787
-4176
2218
-3033
-8701
-9214
-4491
9460
-3576
5968
-6539
69
-8985
-776
-8400
1101
-1253
5650
-7524
-8607
6394
-9419
2459
3659
-2391
-2952
1758
-9593
-7345
8125
428
908
-4561
-2424
-1210
-4086
-3791
2036
6731
-7403
-223
-2966
-3079
8545
-6855
5003
-2955
687
-2684
-2834
-9458
-6489
6075
8494
9693
-313
-7727
2530
7983
-7013
1880
-4527
8774
-1683
-7975
4417
1053
-2945
2280
6574
-3286
-7498
4732
-3487
-2808
-2951
-6824
-2402
55
-4772
400
1471
-1092
853
7241
-4415
-5971
3256
-1600
-1825
-3120
-1727
-9619
-6564
-1759
4109
554
5861
-9644
4527
5295
-1995
-8867
-3489
-9761
1274
-8148
-2795
-8344
153
-2306
5561
-2490
-7313
-7664
-974
-7670
-40
-6189
-8637
9787
-5390
-5879
8511
-9318
1571
-3356
-367
-3767
-6599
407
7106
-5651
4469
-4533
217
-7820
-895
9133
-1952
-3086
-9657
2993
-4754
2321
-317
-3758
5508
4329
857
-2182
3731
-8374
-6619
-2270
-7714
6917
-496
2234
-3803
-3264
-5015
-4438
-9026
-916
5235
-1606
5769
-9406
-1925
9617
-1218
-7712
-4724
-2279
1639
3735
9480
8394
2422
-7701
-721
-5370
6638
-1191
-1984
-9151
-6108
5461
-7543
-6938
-2803
-3338
7771
7001
6958
2452
-360
4566
-9192
-4783
-2830
-993
-9513
-1738
-1707
-2083
-9654
2048
-3391
-1088
2060
-6918
-7107
8802
-5380
-4084
2956
8979
-8803
-8460
-1511
-2378
1522
2004
-1865
-3448
3288
7949
7085
-1566
-6000
-7287
-2645
-4638
8887
-7969
-603
-9944
-932
7252
-7943
8571
-4173
-3170
1137
852
-9529
-8308
-9841
5499
-9459
-1846
1253
-8563
3550
-6015
1669
-8832
-7163
5150
-1897
-5109
567
-6093
-9485
-5375
-126
2404
5894
-6818
9930
-6500
-3978
-2269
-1936
-227
-5425
-1660
-3692
4578
-1965
-1087
-2626
-2851
4470
-1228
9751
-2011
-9588
-2613
-1349
-8594
-2237
3095
-8780
-681
1580
5093
1218
-1270
-2079
-3222
-2855
-2593
-381
-8126
-5013
5921
-3393
-739
-3026
-2828
1438
7314
-5450
2616
-2541
-5675
9317
-3672
-7146
-368
-9883
-9849
-4973
-6292
7699
-836
-4668
-7054
8096
-9094
-6021
-8174
-4048
-252
-5756
-5633
-9778
-7408
-2069
1411
-8902
9005
-1094
-558
-3199
257
9607
-1866
5233
-4525
-7766
-5320
-7670
5361
628
598
5529
7818
2367
3958
-6911
-5092
-128
-9185
4314
-7306
9445
929
-7969
-2346
7611
5793
-8894
2066
9262
-3607
-5437
3552
8663
-4864
1506
-8402
-4528
2727
2256
1553
9196
4666
1261
-3416
-8572
-5453
6191
1721
6998
-5032
-482
9179
9515
-365
-1146
-2186
308
-5092
-7858
-3026
9474
4384
-8153
-708
2444
-2691
3169
3327
-1296
-7509
1506
3796
2658
-9983
6938
-6303
480
725
-3503
8409
-7643
-5753
7106
-4773
-4802
1976
1003
-7973
-2015
-1
1446
2342
-1506
1983
1139
2048
4366
-1871
-3723
7920
7283
-5593
9095
-4001
-4225
7794
-6075
-2917
2230
3620
-3952
-1886
-1452
114
881
4863
3689
733
665
-1907
969
1042
8977
5412
-2743
5646
1263
-1999
676
7045
-4857
-7672
3007
-7035
1446
2616
1676
-425
-3686
8831
7538
-4987
1523
8991
2700
-7231
1200
-9266
-5839
-2362
-4269
7123
9654
-7718
-1514
3118
-2387
4180
1220
-4423
-2311
2243
7872
5968
9661
-9459
-377
-9652
785
-6026
7518
723
-5223
-6494
8708
-1964
311
1150
-8855
720
-4994
-4289
-4028
-1996
-9972
-3295
1986
2094
-6606
-8485
-5351
2047
82
-3824
3589
-3122
-5291
-5370
2098
-4194
4660
8343
3672
1473
-1228
-4412
9096
-2738
5242
2929
-6876
-5908
5532
-5844
-9739
-9829
-6315
495
-1961
363
-6819
-535
-7401
-7540
-7400
4505
-7553
8332
368
-2151
6449
-453
-7843
-3997
7475
-3281
-9206
-4367
-6710
-9713
-1347
-9952
5034
7054
-7443
-8234
-4052
-5330
-7719
4109
-6529
-1586
-9062
-569
-9243
7944
5589
9921
-7145
-5007
-7469
-7602
5962
-730
-5033
-8221
9877
-3736
-1434
369
-5170
2982
-5462
3187
-1440
-1735
-6177
-312
-3279
-2444
-2463
2272
-9403
895
-6323
701
2221
-9832
2221
-1679
-2987
1221
-6453
1134
-6971
2155
-4090
-8003
2855
-398
4558
-3890
-6399
53
-7511
-1005
6416
-2216
-5420
-5816
6445
-7336
-7692
147
3822
-5085
-6207
-2319
-8044
1353
-1493
2642
5378
-4462
-6726
-7970
-9781
-242
-426
1722
-7825
-4074
-5080
-176
-7576
6759
-9537
2857
9569
5364
-1767
-5061
-9145
-1792
-486
-2835
-2494
6215
-1569
4368
7876
9791
-3947
-6514
-7805
1694
-275
-7352
4740
-6884
-5556
1987
-904
-1414
-7744
-6404
-1237
8899
951
7195
-9988
-9551
-9836
2927
-1368
-5356
-5095
7030
-4664
-4242
-3286
-1828
-3004
-8446
3765
6793
-7263
2064
2890
8438
-4329
408
9073
862
-8567
-2136
6684
-8132
-8044
5585
2042
7633
-3704
-6117
-9491
-4698
-2441
1275
-5698
-6123
3724
-4093
-4080
-9438
3742
-3970
1682
-3828
-9467
1489
-5255
9964
5037
-3475
-7923
2386
-1976
-6266
6467
-5800
7049
9242
-9812
1301
-7539
-8266
-9684
-3956
5597
-351
-2580
1650
8403
8719
3604
1958
2712
-1321
9908
-3262
2903
-3798
3714
148
-6035
7972
-2327
-6196
-9569
-2433
-5378
5272
-7342
-7164
-5322
6829
-9194
-1298
2617
7017
-7422
-4310
-7025
-8042
-9404
-6825
-1760
1299
379
2742
1378
-9361
-4579
4900
-5332
-202
6528
1794
-1558
-5073
-457
-4039
-2153
2115
-6888
2649
-668
-1182
-4282
-821
-3109
-4797
-8724
-9665
-885
6219
-7445
-2044
-5251
944
622
4771
1862
-9539
-5310
3204
1697
2074
5901
-1648
1500
-3995
-2732
-326
-2414
-349
4610
-7262
-8135
6140
8777
17
-931
-7293
806
-9401
-9780
1813
3084
-4098
-4430
-8861
-8039
-5370
2727
3061
1101
-9101
-4663
5255
5437
-6985
-7675
1557
-1757
-9137
-1030
-2083
7993
1539
64
-6366
-9114
-533
2595
-3249
-4010
-1490
-9897
-2370
-6287
4015
-5945
8953
-6908
2728
-4594
-3203
-9466
-9767
-6359
-7258
3128
5534
1996
-696
9193
6909
-3658
-3460
1508
-8568
-8224
-5121
-3262
5472
6297
-8621
-2011
7704
-2891
-4241
-4704
-5477
5540
2100
1817
18
2465
3231
-9038
2079
45
288
-5628
-2100
8892
-8760
-435
9356
-6738
-6968
812
-5289
-6784
-9514
-9014
-9864
9284
9588
3675
6831
-4819
-1907
1412
-1713
1808
-2113
-6657
-3703
1002
960
7551
2540
-1735
-5702
6444
5421
2521
-6375
-165
-3325
2506
-4442
6201
5912
-9334
-8493
-2396
795
1581
5659
9023
-9384
8331
9731
-571
1390
-8907
1508
-1412
9142
6479
4555
4783
-8120
-9832
7999
-3209
2244
6926
5925
-202
-8498
-6703
-6431
2610
-7118
-3995
3262
1590
-2125
-4804
-2705
7417
-5665
-1070
4504
3272
1316
-3622
-3962
9276
-3328
-5575
-2682
-4595
-5475
-7629
5270
266
4765
-2718
-3660
-790
-8303
-8690
5471
-7617
-3216
-6056
-7428
-3799
-4667
-8647
1785
9650
-6196
2188
-9486
2358
5238
-8440
-8623
-7166
-9678
-1263
-3174
5953
-9873
-9298
2342
-1933
990
1596
109
4383
6517
9734
3721
-4726
-680
9262
2232
2952
219
-5044
1539
-8847
3683
-6622
-8164
-5640
-2739
-1947
8077
-5895
-5165
-6628
-8912
-1549
-3031
7443
569
-139
6702
2407
-9862
-4583
2145
-95
-8570
-4329
1042
5100
3769
2678
7580
-7107
9617
-8000
-6354
6138
-5955
3511
5651
8186
-960
4266
1032
-7641
686
1482
3028
1322
6421
-5576
-1768
-1081
4673
-4860
1696
-4855
-8703
9844
-8025
-2566
-4251
6176
-8911
1269
5901
-4796
6680
1406
-8547
-4937
1133
3503
-4942
-9798
1981
-6380
-3365
-8115
-1260
284
-1278
-4825
-2015
-7897
-374
-1530
-2024
-2009
9439
-3005
-706
2306
7176
-3671
-352
-132
926
-2648
-8157
-1515
-125
9765
-1403
7533
-6259
-2092
9593
-3152
-1308
-5240
-6828
1488
-5814
-7062
8915
-5937
-7585
-2488
721
-7042
6024
-4560
-7586
1355
-5914
-1251
-6446
-4010
-7954
3506
5981
9510
-8904
-5084
2625
249
8888
-3683
9090
98
-6356
-5473
-2147
4078
-5357
1477
-5484
-3035
-5273
9234
3829
-4517
-8123
-800
-5935
9054
-4277
-7166
-9967
-4912
-7197
-2167
-7990
6683
-8827
-6687
-3572
-1921
8346
704
-6527
-209
4253
5565
-5998
-9123
1510
-4636
-8402
5811
-5782
554
3657
2980
-4291
-4130
288
5474
-1637
-990
-3997
-2640
3559
9145
628
570
2129
7073
3980
-572
-9382
2051
-5410
-5886
2014
1576
1474
-6074
-5909
-9586
-9719
-8800
47
-2278
725
-5152
283
-4015
-6801
-9250
-8511
-8510
8080
-546
9792
-3577
1377
9038
257
1035
-4887
-846
6565
-9554
6532
-2078
-5606
4520
-4657
-5518
-3189
1546
1229
9331
-2656
9707
-284
1401
4547
255
9930
3388
-1149
-20
-5729
-5534
2102
-3942
6044
1083
-7709
1067
-5110
1328
-7841
-1079
-5003
599
1428
-2619
-5148
-9751
-8022
8320
1183
-9066
-1725
-7966
-4995
469
-5728
2963
-6313
9186
170
-4792
-7717
-9756
8979
-9218
-1973
237
-2470
-7644
7003
6470
1264
-5921
703
-2871
-4710
-8600
-3832
-6319
8726
7705
1899
-9361
-1791
-5976
3430
8031
5880
6867
-6243
-454
-3330
7230
-3253
-1684
-1507
-8201
1268
-6072
5712
-9949
-9633
-2916
7329
3764
3206
8096
-6513
-8390
-7612
914
6834
-5925
1208
-9624
-5982
-5048
457
7580
-4621
-6170
1671
-8534
-8923
-3948
-8011
-574
9374
9423
-5276
-8648
8078
1389
-4702
-7878
1689
2161
9843
-5852
-3268
-3167
6303
-8234
-1560
-6317
3020
-2329
4077
-1051
4013
6292
3900
-9640
571
-5220
2091
1013
-735
-2001
-69
-1396
-3808
-1631
-2632
-3671
-5431
-248
-4733
8096
1262
1533
1707
1381
-7903
-6427
-6433
-4285
-976
-7115
2731
7340
-3814
561
-9544
-1331
1377
-7850
-2858
-3065
-1541
-1256
-6401
-8295
-3216
9840
2300
5858
5118
4590
-4830
3335
-1344
-3436
-638
-6642
-814
-2651
1825
1237
1453
-3556
-1405
-6464
1527
-4006
-817
1776
8321
6307
-9299
-7566
-9786
-8248
-8304
-1507
-4612
4520
-1380
7518
807
468
9796
1518
-3470
-3312
9388
9126
8379
-9440
-2058
-9580
-4149
-95
3488
-6322
-9552
7415
-6198
-8826
6180
-1656
-6792
-2849
1038
-5369
7897
6143
-3029
1235
-7483
-5658
-336
-9566
-9045
-6307
-4536
6648
-7028
-1165
-2589
8188
66
4676
6608
2125
-3737
3227
6889
-6671
8689
-9766
-6959
2190
-1695
1749
-7336
8668
990
-6297
1513
-8358
-2788
5921
-5059
-481
-9948
2782
3821
4021
7279
-6339
6482
-9405
7634
-1010
358
7560
-8256
367
7884
-243
-2197
-272
-6929
-8163
-561
-7619
-1778
-2867
-5111
-2370
602
-7005
1898
-2665
-8713
-9099
1907
-5353
-9495
-8016
-9030
5805
7185
-1573
-3734
5757
2580
-6503
6261
9842
-7073
-1897
227
-459
-7319
-355
-6743
-5473
535
6983
-1374
-979
-6394
-4617
4503
4690
3046
-4723
2626
-5744
3266
-688
-3020
-4278
807
3246
8406
308
-702
-9942
-7893
-8115
-8788
-7181
5694
-7506
2661
-1963
-9321
9155
-644
-84
-6415
1912
440
-3808
-2773
-9353
8723
-7446
-8262
-3246
4866
-5157
-4086
4894
-1669
-1406
-2854
4319
4314
-7038
3086
6056
-3909
-6258
-9244
6052
-3957
-496
5828
-8977
-8636
8554
-963
3916
-5674
-3294
1004
-6639
-3484
-6440
-6111
1925
4144
253
-9057
1357
2136
1697
-4832
-4828
-9727
-2006
-5501
-5367
-2158
-9014
-4611
-7682
4707
434
-140
3150
-9832
261
6608
-8883
1801
5512
-27
-7993
-1212
-8896
-6687
-5808
-9515
-9955
1212
-4124
4293
-2703
-6959
-3412
-9632
-695
-9614
-6309
-3558
-7180
-6381
-6428
8310
-1017
-2863
2342
-8162
-1146
-6961
-4058
2711
4025
-7458
-7681
-9639
-7259
-2337
-4611
-648
2624
-3700
5768
-665
8285
-6316
7998
-1664
-8891
-3709
326
3262
