100
9811
9644
9226
9196
8928
8662
8420
7982
7568
6766
6398
6360
6165
5173
5116
4507
4274
4231
3261
3079
2989
2550
2373
2332
2167
2091
2057
2023
2006
1835
1526
1114
961
950
936
451
278
51
31
31
24
-14
-293
-384
-464
-604
-841
-1168
-1213
-1320
-1665
-1892
-2116
-2152
-2240
-2504
-2538
-2572
-2716
-2725
-3165
-3239
-3284
-3469
-3532
-3726
-3867
-4195
-4275
-4799
-5099
-5334
-5354
-5665
-6370
-6636
-6660
-6755
-7054
-7165
-7464
-7611
-7703
-7782
-7867
-8237
-8427
-8481
-8568
-8659
-8682
-8771
-9349
-9452
-9816
-9860
-9888
-9898
-9959
-9974
