1000
9984
9933
9931
9920
9885
9796
9754
9657
9513
9476
9390
9389
9387
9315
9275
9204
9199
9184
9149
9114
9055
9046
9016
8925
8889
8860
8843
8838
8811
8786
8732
8685
8683
8654
8643
8630
8614
8611
8577
8529
8523
8418
8416
8386
8350
8346
8332
8267
8245
8163
8144
8137
8114
8063
7966
7963
7933
7889
7884
7825
7758
7748
7744
7733
7692
7680
7669
7602
7563
7547
7533
7518
7494
7490
7416
7372
7337
7325
7320
7256
7226
7181
7169
7163
7140
6972
6939
6924
6911
6870
6869
6840
6827
6799
6771
6715
6707
6695
6665
6652
6629
6613
6577
6571
6567
6561
6529
6508
6495
6461
6450
6430
6372
6346
6295
6281
6230
6206
6171
6115
6056
5960
5926
5895
5862
5840
5791
5730
5697
5665
5628
5619
5576
5560
5506
5480
5464
5444
5307
5269
5246
5226
5208
5185
5171
5157
5131
5079
5043
4995
4993
4986
4968
4954
4895
4886
4856
4856
4833
4791
4761
4623
4613
4587
4558
4514
4496
4438
4437
4324
4314
4306
4295
4283
4277
4273
4252
4195
4116
4106
3982
3978
3876
3833
3800
3780
3765
3733
3692
3689
3679
3660
3646
3634
3627
3610
3610
3595
3539
3539
3500
3489
3357
3331
3323
3313
3285
3251
3249
3215
3213
3212
3165
3132
3124
3101
3076
3056
2990
2881
2876
2852
2846
2836
2834
2816
2764
2737
2712
2678
2660
2628
2628
2604
2572
2539
2531
2488
2469
2457
2446
2430
2428
2424
2419
2356
2350
2310
2301
2283
2261
2248
2243
2235
2225
2214
2195
2172
2168
2132
2129
2108
2102
2098
2090
2084
2017
1967
1941
1940
1903
1895
1891
1887
1875
1849
1806
1799
1796
1769
1763
1712
1688
1683
1665
1665
1610
1608
1578
1539
1512
1460
1458
1446
1435
1416
1414
1384
1382
1375
1374
1354
1332
1314
1234
1229
1225
1213
1211
1185
1174
1166
1153
1144
1110
1094
1076
1075
1023
1019
1011
1000
993
979
965
942
936
921
892
891
855
808
804
795
790
782
781
780
770
754
749
746
710
669
665
664
663
661
640
613
604
596
594
576
575
549
545
533
532
526
496
493
459
443
437
410
403
386
371
367
364
360
355
340
307
294
269
256
249
219
207
204
175
152
124
104
50
45
39
25
12
1
0
-1
-51
-61
-61
-69
-132
-165
-189
-212
-246
-264
-295
-304
-310
-322
-333
-338
-364
-388
-389
-412
-428
-464
-472
-472
-480
-504
-519
-527
-538
-566
-580
-590
-619
-656
-666
-677
-698
-733
-760
-773
-777
-802
-829
-845
-851
-854
-862
-881
-896
-914
-915
-948
-956
-959
-977
-979
-988
-989
-1012
-1020
-1021
-1021
-1021
-1084
-1115
-1119
-1128
-1137
-1147
-1183
-1185
-1233
-1244
-1264
-1267
-1277
-1315
-1321
-1352
-1371
-1375
-1387
-1408
-1412
-1426
-1427
-1443
-1457
-1464
-1524
-1566
-1598
-1604
-1606
-1608
-1619
-1628
-1651
-1651
-1652
-1667
-1667
-1696
-1707
-1710
-1786
-1796
-1818
-1831
-1837
-1867
-1890
-1906
-1948
-1997
-2015
-2023
-2026
-2031
-2061
-2079
-2118
-2119
-2152
-2175
-2203
-2207
-2210
-2239
-2285
-2287
-2394
-2403
-2412
-2427
-2437
-2465
-2489
-2508
-2517
-2533
-2545
-2561
-2575
-2590
-2638
-2647
-2652
-2663
-2681
-2683
-2693
-2705
-2705
-2729
-2748
-2771
-2795
-2820
-2821
-2829
-2829
-2888
-2891
-2896
-2907
-2908
-2908
-2909
-2915
-2937
-2947
-2967
-2971
-2981
-2992
-3001
-3001
-3008
-3009
-3013
-3026
-3027
-3055
-3060
-3089
-3107
-3127
-3130
-3193
-3198
-3198
-3257
-3260
-3266
-3300
-3310
-3316
-3319
-3335
-3340
-3356
-3366
-3392
-3422
-3423
-3428
-3436
-3437
-3437
-3456
-3462
-3473
-3493
-3529
-3535
-3546
-3548
-3593
-3598
-3600
-3612
-3660
-3672
-3694
-3776
-3790
-3793
-3797
-3835
-3840
-3864
-3867
-3890
-3897
-3903
-3924
-3929
-3947
-3983
-4005
-4016
-4054
-4055
-4058
-4096
-4104
-4146
-4159
-4164
-4169
-4172
-4174
-4187
-4206
-4218
-4222
-4226
-4252
-4273
-4285
-4289
-4324
-4328
-4330
-4338
-4341
-4343
-4364
-4375
-4377
-4401
-4411
-4417
-4433
-4440
-4448
-4467
-4469
-4490
-4490
-4498
-4499
-4507
-4534
-4543
-4546
-4583
-4611
-4620
-4621
-4628
-4644
-4647
-4652
-4664
-4674
-4701
-4718
-4748
-4752
-4794
-4802
-4810
-4839
-4844
-4850
-4880
-4893
-4912
-4918
-4921
-4933
-4943
-4960
-4990
-5009
-5092
-5114
-5115
-5131
-5153
-5153
-5171
-5238
-5246
-5252
-5264
-5313
-5328
-5328
-5358
-5358
-5361
-5376
-5377
-5472
-5480
-5524
-5526
-5532
-5569
-5586
-5589
-5591
-5605
-5636
-5640
-5642
-5643
-5643
-5647
-5647
-5663
-5672
-5693
-5734
-5747
-5747
-5747
-5761
-5791
-5809
-5834
-5846
-5856
-5881
-5897
-5912
-5923
-5930
-5963
-6016
-6029
-6033
-6051
-6063
-6088
-6090
-6097
-6114
-6124
-6124
-6140
-6168
-6168
-6189
-6196
-6228
-6321
-6344
-6347
-6352
-6361
-6440
-6446
-6456
-6461
-6462
-6476
-6482
-6511
-6520
-6526
-6549
-6556
-6578
-6582
-6598
-6607
-6668
-6670
-6671
-6680
-6680
-6694
-6723
-6741
-6752
-6765
-6770
-6775
-6784
-6803
-6830
-6846
-6853
-6878
-6890
-6901
-6910
-6924
-6932
-7001
-7067
-7073
-7086
-7177
-7189
-7211
-7236
-7250
-7271
-7281
-7305
-7327
-7332
-7355
-7377
-7378
-7383
-7421
-7439
-7457
-7465
-7498
-7502
-7506
-7508
-7521
-7521
-7522
-7540
-7557
-7590
-7603
-7628
-7636
-7659
-7669
-7670
-7671
-7676
-7687
-7688
-7710
-7711
-7738
-7747
-7769
-7811
-7817
-7826
-7864
-7887
-7894
-7919
-7931
-7957
-7969
-7976
-7991
-7993
-8000
-8010
-8020
-8041
-8053
-8068
-8077
-8080
-8094
-8099
-8116
-8131
-8141
-8153
-8191
-8225
-8228
-8240
-8253
-8255
-8283
-8287
-8291
-8329
-8340
-8349
-8385
-8452
-8470
-8502
-8509
-8546
-8551
-8601
-8637
-8643
-8655
-8673
-8687
-8689
-8694
-8700
-8718
-8760
-8784
-8792
-8798
-8823
-8870
-8870
-8871
-8883
-8886
-8891
-8959
-8996
-8998
-9002
-9039
-9040
-9048
-9058
-9065
-9079
-9101
-9102
-9136
-9138
-9166
-9172
-9178
-9208
-9253
-9268
-9273
-9282
-9332
-9344
-9344
-9347
-9364
-9374
-9384
-9385
-9396
-9397
-9433
-9461
-9477
-9490
-9526
-9528
-9558
-9613
-9686
-9688
-9690
-9749
-9758
-9777
-9790
-9794
-9796
-9805
-9846
-9848
-9860
-9895
-9909
-9957
-9972
-9982
-9994
