100
-5705
-2365
-4551
6779
4069
-9691
-75
-5564
-7894
3565
-2695
3118
6387
5418
-5308
-3421
1092
-9612
-8001
-3234
6379
-6143
-7425
306
-3597
5267
-1915
-2485
6838
-2444
-8218
-2254
6935
-3259
-9775
-1645
-50
6901
8815
6629
-59
-1683
-9404
-9762
4290
-2573
-3522
-9295
-7898
-2162
2447
-2474
-8777
-9817
-8684
-827
7865
-1806
-4777
3080
-4383
-7223
-9124
-8115
398
-6814
793
-4700
-2323
699
-7266
4834
-3575
-7404
-7712
-5823
-9221
-673
-7279
-5387
-5692
-9928
1295
-6246
861
4506
-4031
-664
2604
-1910
2749
-5334
-1382
-9387
-6034
-8715
-6430
-8732
2452
3733
