100
-1300
1012
9736
-4899
-7970
-948
4318
-2297
4002
125
-5612
-2999
81
-8597
1968
9313
2693
7871
-8727
-645
4936
4426
-3048
-6954
2248
-5879
-6987
6509
-305
-8110
-3174
3054
-8933
-9500
7464
-6036
641
-5534
-7245
-5602
-4712
1222
-2057
-8898
-2633
-3025
3500
-364
-3720
-9409
-8614
-4555
-4052
8256
78
-6898
-6048
-1364
-6001
1438
-4863
-7858
9003
-6015
-3731
-5338
9301
6741
4960
6155
-2094
6038
8620
4916
-5263
1965
464
-8265
1436
-9464
-2939
7091
-1012
1323
-2562
8364
-3230
-7512
4171
-3179
-2604
6092
-3940
-780
-9532
9019
9422
-257
1302
-3781
