1000
2047
8081
3200
-1539
-6828
-6514
-3917
-8099
93
2579
6624
9381
4206
-2436
7942
599
-1216
-644
-16
-5106
7652
-7326
6191
-5951
-4680
-8356
-9215
-1436
6099
-6635
-7398
8569
-3705
-5658
-5445
-68
-2136
-7000
422
6530
-2807
-9808
-3243
2407
-7515
-2697
-8379
771
6631
-9320
7515
-6243
-4383
-5251
-3232
964
1282
-5764
656
-7170
-1753
3838
2162
-1447
7246
2559
-6776
-1337
850
-8322
-3800
-3793
-5772
4876
-5588
-2273
-4106
-3321
-824
4354
-433
-4341
7738
-465
4027
2566
5064
-1176
-9393
4942
931
-9629
3064
3727
5042
9410
-1382
-8537
-3700
-1206
-9764
-3212
6406
-9198
5959
-2225
1583
-7974
-4023
4787
-4649
-5763
-8414
2207
-4265
2411
-9481
-3066
-1459
-2735
-8054
-5062
2438
-2469
4175
4816
1314
-3654
7445
1987
4082
-3447
7662
982
-2556
-4115
7691
5633
8996
-5926
-8795
1634
-4455
-2050
2757
-3394
855
-873
4127
6180
-2984
-504
-7207
1003
-4192
1678
-5102
8105
-3831
-8020
-1466
-1475
-3328
3661
7854
-8343
2542
-3862
806
5257
-3884
-4629
-3020
3679
1976
5964
-4603
-3732
-9882
-3618
-3655
-3225
5424
-1096
8420
-7258
7640
-8795
-7285
-8958
-79
6335
-4459
-5093
4608
-7137
773
5431
-1657
883
-5534
-943
-3321
1203
-1605
-5106
283
7853
3431
372
-4119
-7034
-9936
2711
1055
-955
-5358
5365
504
1063
4802
5827
-4768
-5926
-2870
-7738
5465
-2073
7773
-4633
-4451
-3152
3911
-4961
388
-2119
4707
-2597
-4311
-9397
1331
6462
935
3160
-9366
-3873
-917
-4648
591
6911
-8762
-3843
-4738
-4428
2655
37
8047
-8218
-7215
-6356
-7333
-3489
1043
-6300
-2309
8510
-1548
-24
2100
844
-8694
-8626
4113
-2320
4045
2266
7568
-3324
-196
-4869
1471
-1750
-1814
720
-2106
-7394
-4907
-4599
6346
-6972
8851
-4168
-3799
-5174
8531
-5314
-631
-6861
-1953
-4153
6455
-1465
9832
-802
105
-9998
3774
-6153
71
7697
-9667
1396
267
323
-9875
5
5125
-3226
-2196
-5714
-9375
-4377
-2554
-5904
3278
-8976
-3163
-8480
4119
8199
621
-5123
-2189
247
-8150
512
5413
-530
1892
8022
-1252
-5495
6739
-3734
-6724
5198
-4360
7526
-2624
-6697
-534
987
33
-2441
3858
6302
-4270
2265
-4561
2261
2124
258
3591
-5292
-1329
-2268
-4169
-6367
-5014
-5044
1671
3166
2193
6106
6374
6505
-9895
-7758
6514
-2182
-6303
-5063
-9959
-6632
-209
-3109
9342
-1430
-2147
-5078
637
2375
9651
1484
-1357
-463
-9834
-811
-167
-186
4321
-3533
-4881
-1321
2101
-6521
-2752
1812
-6327
-6340
8802
-6325
-4400
-1901
1214
5008
-4335
-8259
-3342
3579
-7432
4590
6613
-9736
-9263
-3122
-6566
9054
8655
-5198
-204
-583
-3309
-8695
-4253
-5014
-9079
-3173
-7513
-1768
1912
-7217
4529
-2786
8756
-6036
421
-5882
1204
-1404
-2696
2265
-1974
-9460
5438
-9321
1039
2574
-2877
3970
-5345
-8799
-8747
-4257
-5786
-391
5805
-6465
-262
-7204
-9661
281
4362
-5289
-2777
-6722
8533
-8146
-3182
-9211
1563
-457
-8488
-8946
3772
-437
1536
4070
-7081
3702
7607
-1210
-7149
-1297
387
3969
-5980
-5652
-3726
-3203
-3441
-5516
8639
-6718
-1657
1208
-8085
-6737
-5541
1376
848
-4715
-8621
-8800
6551
-8769
1813
3830
-1082
-2767
8654
2061
-8483
9042
3151
-4866
-1502
3913
-682
-378
6878
8269
4623
-3030
-4130
3800
1721
3038
-3161
-8705
8527
-9718
-860
-257
2431
1319
127
1271
8317
-4206
-2221
-98
-3
6746
-3009
-1492
4092
-3524
3711
-7203
-608
-5934
-8395
-298
5794
-8218
110
-8026
5673
7630
32
-6416
-8648
-6157
-7622
-761
-4021
-9519
-8552
-6563
-3620
-8408
-395
-6315
-7986
-313
900
-8002
-3326
-1012
-2432
-1980
5774
-5322
417
9409
-8368
-335
82
-6352
7452
-3055
7202
1837
-8451
5477
-8105
-4808
-7876
-662
-6006
-681
-3973
-3424
2063
-9634
1382
1177
8852
8113
-6709
4314
-6038
-6679
1606
-8709
-7990
-8812
-3840
-9423
-5900
-8989
-7909
-8689
3858
-6754
3594
6119
6916
-8037
-8484
1368
-2788
-6770
-5790
-7454
2410
836
7022
6045
725
-6293
-5669
-5622
6379
-4621
-2192
-6198
-647
-7366
-738
3695
-1636
9189
-2066
3889
-8520
4331
-2814
385
-6520
-1451
8114
1185
-711
-9492
343
3286
-2511
-1077
-6066
-6986
-398
2196
-6722
2023
-1050
-1718
-1388
-2293
-1387
2362
1581
1876
1426
-2053
3871
7901
285
-132
-1040
-5126
5517
-4174
3654
5170
-7323
280
-4765
-3739
328
-9667
7665
-4656
-9933
-3052
4378
9305
933
7988
1561
-3133
-7004
-2757
-3142
2725
-3043
-1070
-5132
2172
9227
5655
-5828
-131
-5160
373
-1280
3598
-1430
-7303
-3377
-6316
-9223
-9056
-167
-2576
3742
662
502
262
8401
-4901
-789
-323
1681
7942
-408
-5235
-3483
-3281
-3564
-8874
-8475
-4250
8845
-5136
-7148
2345
8906
-5953
1360
-1064
-8062
8687
-6196
-4257
-2924
-9057
2682
-2946
-8547
-4617
848
-6842
8494
-7104
-7422
6146
2914
1269
-1514
7770
-5367
-749
-3625
-9232
-5142
-5894
8841
-5162
8649
-7539
-288
-1573
5542
9148
-502
9890
-2362
5957
-2316
-1898
9494
4373
-9879
2048
8588
-3883
2337
-8200
9648
-5280
-2575
-6821
1594
3869
1704
-5952
-6210
-4477
-2788
-4411
167
2081
6559
4397
-1280
-607
-4167
-4051
-5224
-182
-657
-3195
-8954
-6619
424
-2645
4748
-5470
1876
-8594
-457
-1476
1956
-8549
-8304
665
-288
1017
2446
727
-8040
-7494
-8246
-8255
-1961
-1676
2456
202
3137
8364
7827
1013
1460
-46
9465
-2222
1074
1014
-4459
-6608
-1916
-5809
-3484
3597
-1418
-1502
-3534
5391
-1434
4295
-9276
-1159
-9501
-158
-516
-4104
-975
-4519
6362
1566
-5908
-8252
3902
-7440
-6196
-2934
-4971
2148
6514
-9341
7314
3559
-648
-4062
-293
-8229
4460
2104
9673
6633
7939
1359
-3480
2675
9831
7553
-7259
-5430
1427
-7838
8042
-4541
-7969
2593
-3806
8612
-6816
2510
481
7522
9067
-9729
-7511
-4048
2810
687
-347
-368
3568
-7005
-1606
-1427
-6529
-356
-5344
-5747
-696
4705
-5779
2339
358
155
-3504
-9696
7110
7559
-8796
3381
-7626
-4915
4424
-3084
649
-466
-3198
-143
-5680
-965
-8949
7443
-2230
1006
-9742
-4539
7842
-6860
-1417
-7952
-6604
-9464
-7303
-2329
-7566
-9433
-2345
-1790
134
5184
