100
-2924.59
3570.97
-7634.82
7261.27
-9631.95
-7227.09
-4946.75
-4304.03
-6581.32
5002.29
-5106.66
4607.38
7369.3
3165.68
-5854.98
4253.98
320.75
-3668.63
-4498.73
6884.67
4560.38
-9462.26
2143.93
9055.15
2111.58
-5352.64
-7310.1
9295.02
4227.73
4362.62
1646.47
9255.96
457.472
-2470.47
5988.65
-3544.72
2905.67
3860.9
8507.03
-3248.08
1313.82
2188.48
-1469.47
-5332.5
-5415.51
8392.28
660.115
9691.15
-5619.98
7106.23
-7866.15
6679.59
6411.02
-9653.31
-548.418
8488.72
5049.9
-3822.44
-5120.09
8952.6
6889.55
-9464.71
3466.6
-5657.22
-1133.15
5351.42
1188.7
-8573.56
6589.86
-3921.32
-5143.89
-9747.31
-1523.79
-8231.15
4400.46
-212.104
-8654.13
800.501
-1832.64
4532.3
-6921.9
5407.57
1850.34
231.635
7964.42
8115.79
-8330.64
-3176.06
382.397
3218.79
-7551.81
6729.64
2419.81
-3578.3
-8815.88
6619.77
1058.69
5770.13
6760.16
-9207.13
