100
6448
-9601
-6075
-1845
-9245
-8439
-8190
3558
-3198
-996
-7724
-4422
1899
-7820
462
1276
-656
-3090
3694
-8217
1736
-2390
9515
6982
-15
5865
-2739
-9811
-7308
404
9473
-3450
-442
-5817
3245
2419
7955
-2739
-4512
7087
-6028
-5853
79
-2442
6664
-6750
1915
-8887
7842
-6943
2039
-435
-1697
-2855
-6263
7826
698
-6717
-51
-7623
-4988
-4026
-6845
3767
-9488
-2953
-6784
-3849
-8598
-6985
-4633
-6018
1299
7427
862
-4972
-9402
-7765
-7716
-1889
1628
-8032
6847
5395
-7758
-6157
-3068
2503
5959
-454
-2408
-6456
-6038
-7977
-6773
-9963
5172
4501
-665
-639
