100
7177
-4771
-7294
-9678
-2855
2486
-2242
6136
-3896
4240
-7940
5400
-9099
-8006
1347
1046
-4021
-3032
-1273
-5095
-8510
-3548
-4516
-1626
-7585
-5628
-2293
-5749
-7102
-8479
-9444
-8548
-6782
-4857
-7875
1987
7635
746
800
1266
5640
1817
3209
7935
-5348
2005
-158
3017
-2058
-94
113
317
1795
-2369
6508
-4483
3145
8371
2984
-1311
-7460
-2008
-2088
4889
-9522
-293
2677
5427
-8466
-1898
-9731
-3390
-9909
-8619
951
-5922
-8134
3856
9535
5706
5462
6875
2205
114
-7379
-3163
407
-8546
-6471
9769
-3670
-829
-114
1507
1333
8536
-236
7459
-6889
7689
